,0.3_X,0.3_Y,0.31_X,0.31_Y,0.32_X,0.32_Y,0.33_X,0.33_Y,0.34_X,0.34_Y,0.35_X,0.35_Y,0.36_X,0.36_Y,0.37_X,0.37_Y,0.38_X,0.38_Y,0.39_X,0.39_Y,0.4_X,0.4_Y,0.41_X,0.41_Y,0.42_X,0.42_Y,0.43_X,0.43_Y,0.44_X,0.44_Y,0.45_X,0.45_Y,0.46_X,0.46_Y,0.47_X,0.47_Y,0.48_X,0.48_Y,0.49_X,0.49_Y,0.5_X,0.5_Y,0.51_X,0.51_Y,0.52_X,0.52_Y,0.53_X,0.53_Y,0.54_X,0.54_Y,0.55_X,0.55_Y,0.56_X,0.56_Y,0.57_X,0.57_Y,0.58_X,0.58_Y,0.59_X,0.59_Y,0.6_X,0.6_Y,0.61_X,0.61_Y,0.62_X,0.62_Y,0.63_X,0.63_Y,0.64_X,0.64_Y,0.65_X,0.65_Y,0.66_X,0.66_Y,0.67_X,0.67_Y,0.68_X,0.68_Y,0.69_X,0.69_Y,0.7_X,0.7_Y,0.71_X,0.71_Y,0.72_X,0.72_Y,0.73_X,0.73_Y,0.74_X,0.74_Y,0.75_X,0.75_Y,0.76_X,0.76_Y,0.77_X,0.77_Y,0.78_X,0.78_Y,0.79_X,0.79_Y,0.8_X,0.8_Y,0.81_X,0.81_Y,0.82_X,0.82_Y,0.83_X,0.83_Y,0.84_X,0.84_Y,0.85_X,0.85_Y,0.86_X,0.86_Y,0.87_X,0.87_Y,0.88_X,0.88_Y,0.89_X,0.89_Y,0.9_X,0.9_Y,0.91_X,0.91_Y,0.92_X,0.92_Y,0.93_X,0.93_Y,0.94_X,0.94_Y,0.95_X,0.95_Y,0.96_X,0.96_Y,0.97_X,0.97_Y,0.98_X,0.98_Y,0.99_X,0.99_Y,1.0_X,1.0_Y,1.01_X,1.01_Y,1.02_X,1.02_Y,1.03_X,1.03_Y,1.04_X,1.04_Y,1.05_X,1.05_Y,1.06_X,1.06_Y,1.07_X,1.07_Y,1.08_X,1.08_Y,1.09_X,1.09_Y,1.1_X,1.1_Y,1.11_X,1.11_Y,1.12_X,1.12_Y,1.13_X,1.13_Y,1.14_X,1.14_Y,1.15_X,1.15_Y,1.16_X,1.16_Y,1.17_X,1.17_Y,1.18_X,1.18_Y,1.19_X,1.19_Y,1.2_X,1.2_Y,1.21_X,1.21_Y,1.22_X,1.22_Y,1.23_X,1.23_Y,1.24_X,1.24_Y,1.25_X,1.25_Y,1.26_X,1.26_Y,1.27_X,1.27_Y,1.28_X,1.28_Y,1.29_X,1.29_Y,1.3_X,1.3_Y,1.31_X,1.31_Y,1.32_X,1.32_Y,1.33_X,1.33_Y,1.34_X,1.34_Y,1.35_X,1.35_Y,1.36_X,1.36_Y,1.37_X,1.37_Y,1.38_X,1.38_Y,1.39_X,1.39_Y,1.4_X,1.4_Y,1.41_X,1.41_Y,1.42_X,1.42_Y,1.43_X,1.43_Y,1.44_X,1.44_Y,1.45_X,1.45_Y,1.46_X,1.46_Y,1.47_X,1.47_Y,1.48_X,1.48_Y,1.49_X,1.49_Y,1.5_X,1.5_Y,1.51_X,1.51_Y,1.52_X,1.52_Y,1.53_X,1.53_Y,1.54_X,1.54_Y,1.55_X,1.55_Y,1.56_X,1.56_Y,1.57_X,1.57_Y,1.58_X,1.58_Y,1.59_X,1.59_Y,1.6_X,1.6_Y,1.61_X,1.61_Y,1.62_X,1.62_Y,1.63_X,1.63_Y,1.64_X,1.64_Y,1.65_X,1.65_Y,1.66_X,1.66_Y,1.67_X,1.67_Y,1.68_X,1.68_Y,1.69_X,1.69_Y,1.7_X,1.7_Y,1.71_X,1.71_Y,1.72_X,1.72_Y,1.73_X,1.73_Y,1.74_X,1.74_Y,1.75_X,1.75_Y,1.76_X,1.76_Y,1.77_X,1.77_Y,1.78_X,1.78_Y,1.79_X,1.79_Y,1.8_X,1.8_Y,1.81_X,1.81_Y,1.82_X,1.82_Y,1.83_X,1.83_Y,1.84_X,1.84_Y,1.85_X,1.85_Y,1.86_X,1.86_Y,1.87_X,1.87_Y,1.88_X,1.88_Y,1.89_X,1.89_Y,1.9_X,1.9_Y,1.91_X,1.91_Y,1.92_X,1.92_Y,1.93_X,1.93_Y,1.94_X,1.94_Y,1.95_X,1.95_Y,1.96_X,1.96_Y,1.97_X,1.97_Y,1.98_X,1.98_Y,1.99_X,1.99_Y,2.0_X,2.0_Y
0,-0.725779390077929,-0.8488248624820528,-0.7615620758844007,-0.8318146640707358,0.13563891190167598,0.16418353763095334,0.9400948908075574,0.9668836586801376,0.5475927966461638,0.5391865468342679,-0.5351014297897412,-0.537852739424088,-0.989266823012577,-0.9349419757940263,-0.26695008618777905,-0.23395270059804815,0.7734181131714692,0.6962312205631678,0.8927084001827328,0.772726037031183,-0.05182823961852876,-0.048798257499536174,-0.9345317723020381,-0.7753450674108526,-0.5960311503067481,-0.47438661312206326,0.8905322190022964,0.6895121045632019,0.7745865691764551,0.5916705438302013,-0.2678929908099987,-0.19899596251394175,-0.989799935503387,-0.7327800714257786,-0.5293444143547408,-0.38919169830321937,0.5633709376430704,0.4052544192370939,0.9836094607811329,0.7033514483998994,0.2304246602270294,0.16443459976310246,-0.7971199263067457,-0.5576185376468832,-0.8749069004852768,-0.6069860543859367,0.08894925960834496,0.06143032151400429,0.946893496766005,0.6449945935546971,0.6782857583293406,0.4563685770144092,-0.39676208518271305,-0.26732147706212295,-1.0,-0.6622551787660825,-0.4150330819780043,-0.2691256101386294,0.663115251472308,0.4336578366047472,0.953652652606342,0.6120413187075113,0.1110424943114484,0.06622805810176254,-0.8634881861054323,-0.5461823372151072,-0.8119323694145135,-0.5031133737159795,0.7047272081366875,0.43485584404015004,0.9345835524358337,0.5643582122282425,0.053659142501591886,0.02824383153680992,-0.8911603184177531,-0.5283566326312892,-0.7762610115488625,-0.4514792920886663,0.26201949387818513,0.15331219004857272,0.9885527570230956,0.5633175230126708,0.3271407703403881,0.18576139917271753,-0.7339517550575989,-0.41671800269141207,-0.9170139518164364,-0.5129675456629509,-0.003019645891550968,-0.0018120564190641031,0.9146223856944697,0.4991105442813586,0.7377166798257953,0.39910121083859307,-0.3227124904820683,-0.16978096183181768,-0.9965562041445799,-0.5246754353212103,-0.23272679943425667,-0.12343523294215111,0.7997072225078976,0.4002372923485661,0.8694690475312781,0.43671258333238405,-0.107958484641797,-0.04707149727530695,-0.9552513754303718,-0.464607062694934,-0.6522247261662283,-0.320504321078804,0.8584854512912959,0.40523085317944546,0.8123516121144178,0.38739188607046193,-0.2117312731868253,-0.09191056440193211,-0.9808929696589449,-0.452788655587848,-0.5694604379874451,-0.2670566562787936,0.5275045281835953,0.23413823997118388,0.989436666964967,0.44704082958876035,0.2612347506870378,0.12278430338233381,-0.7814309488687029,-0.34260317546498065,-0.8839561031681217,-0.3909181556817196,0.07634511847878236,0.028216598171739073,0.9448916397738707,0.4065023155622745,0.6774391746913291,0.29297524150375237,-0.40443940509343695,-0.16829259387528778,-0.9451094364344514,-0.40646867996141156,-0.07393753111904496,-0.03508963920508558,0.886443556958751,0.3718792158735728,0.77629517850923,0.32569102443223447,-0.2714488013336768,-0.1101897837748999,-0.9912287547463169,-0.40581266043198017,-0.5144221634291832,-0.2096315586228315,1.0,0.38932572349523387,0.40924259328519924,0.1564696795128642,-0.6780108723055714,-0.25877577133009977,-0.9425865897361285,-0.3531339756205826,-0.06374042091437969,-0.02146492672469308,0.8926355813874481,0.32725021093304535,0.7658137118559126,0.2741543260316014,-0.2901224189294975,-0.10581205355024131,-0.9944184383040677,-0.348111404704877,-0.4915619514830301,-0.16636172066889718,0.607602935679211,0.20862761361293441,0.9695659104021419,0.3222230663031419,0.15403690715759985,0.04677406389739749,-0.8481663974184808,-0.2751040880211355,-0.8204114757905498,-0.2571674072463918,0.20411971651067465,0.0673499895926327,0.9792759894882551,0.3125827813743545,0.19509179790713732,0.05741899929414618,-0.9829036047906718,-0.28888390324760843,-0.5507926964133487,-0.1544495278412754,0.557078854475745,0.16068751003098142,0.9813084815454273,0.2696163155576045,-0.37533587022630205,-0.10494425427763195,-1.0,-0.2613650766250962,-0.39723643473232667,-0.09650932994834789,0.6934942674901747,0.17731801150238244,0.9328147931873572,0.2255479810690614,0.02753554455473744,0.0005365130395775204,-0.9113369988075057,-0.2143691128594135,-0.7320738071278536,-0.1615016718264978,0.34556277578919875,0.0822670384983956,0.9993365255622734,0.21451259191228134,0.4274240140130512,0.082982577769184,-0.9287744409212321,-0.16956526394784832,-0.700343554931382,-0.1164740381484362,0.39011267986998427,0.06884321773717864,1.0,0.15487339222793758,0.37888340718361857,0.051097625507011954,-0.7087520957714376,-0.09859002995542732,-0.9240413226279773,-0.11405839663132628,-0.0013020979067609958,0.002214008325220427,0.9230557645988718,0.09403247042935986,0.7100144899144366,0.06195419312381588,-0.8290223163711725,-0.056017579155833684,-0.4656953197836371,0.0014304656061971436,0.644308876201168,-0.011120256589861936,0.9517944688367652,-0.039269677015247945,0.0714802790532406,-0.011763837189487678,-0.8985153601042233,0.06822955573342762,-0.7440319950667397,0.08815093308145877,0.9611865815175398,0.060072353741589715,0.10029390052231027,0.004950847895367092,-0.8870429827569376,-0.028857071336034046,-0.7571947865036849,-0.012341161279516493,0.32749977117062545,0.0007468238683514438,0.9993653549428437,-0.01800747425927818,0.40871775594316856,-0.018661958872762185,-0.6993037298591471,0.034109591813642814,-0.9216430227161959,0.07348111792371238,0.024898748041230073,0.012354007978859062,0.9719196843263055,-0.20403597668661558,0.12411203463987322,-0.0948063648950177,-0.8838457247106343,0.17339958345649284,-0.7499955606405828,0.2644148085300422,0.8251235322256426,-0.1646507791539062,0.8182062971176008,-0.346293720636825,-0.2542039640607566,-0.09886661104410681,-0.9956568187331893,0.31897151893508324,-0.43479624867833855,0.38149548263861605,0.6963869031011442,-0.0441850215263479,0.9130559923723396,-0.4695298500710662,-0.7048741241401965,-0.1613051989511869,-0.9036404216666146,0.5274310200327745,0.10505331640615517,0.617604981891571,0.9734505919805273,-0.060617296930823295,0.5387681361514575,-0.7252375989937113,-0.6175751729422285,-0.5418098259571811,-0.7078355351819625,0.6481447336036866,0.4347172549259384,0.5341596691646697,0.9936350084826058,-0.26339136730780677,0.21684201157075333,-0.7997220494211832,-0.8513738071065328,-0.3784196098446398,-0.7745608905458218,0.5526974113065827,0.8384103752093299,0.743293071955764,0.621724474815499,-0.3187952860944522,-0.7275395218212989,-0.8787830312666035,-0.5763933783387144,0.09035876060538067,0.2971979786511977,0.9511720542414542,0.7021770566035607,0.6596432912822456,0.17202523512655354,-0.4324193495497075,-0.5161542869268144,-0.9992737425138662,-0.30605073009434275,0.4264092229331201,0.5211830774775426,0.999683757442668,0.5966907040087449,0.35267568118787085,0.2953196955755658,-0.223853079404016
1,-0.7569242119561261,-0.8836357537268643,-0.7257509715806363,-0.7910109081310982,0.20024862892607173,0.23259672553519686,0.9565258303084905,0.9823882152756968,0.48897827042661923,0.4791010520416287,-0.5927622232780615,-0.5936237624297144,-0.9766518325788746,-0.9220161274756464,-0.19905069719532006,-0.17139073217267328,0.8157597107042784,0.7335147466731158,0.8590656747391614,0.7430626868002648,-0.12137473104986575,-0.10772954251163644,-0.9571025180137847,-0.7938439826318898,-0.5385405495178894,-0.42859670004587996,0.9201165593260185,0.7125124023439179,0.7285712467416644,0.5566888255186548,-0.3344731297223697,-0.24904453482134858,-0.9973294120739045,-0.7385279127570313,-0.4688258941890065,-0.3450204913892497,0.6196327499285459,0.44600759557484304,0.968502715697075,0.6926873842014659,0.1619789862786135,0.1160451192128178,-0.8373222646854167,-0.5858255393923578,-0.8389721091865538,-0.5820829637023299,0.15822114622509195,0.10902643056195371,0.9670649518384548,0.6586620432218856,0.6253693518475858,0.4205946137969993,-0.45984825081191993,-0.30942170957543524,-0.9982550208189513,-0.660897565430443,-0.3505313595191603,-0.22672371415152245,0.7137169170459644,0.46634217985648285,0.930251062753035,0.5967128165903899,0.04144541882086267,0.021903045595094515,-0.8966264372549759,-0.5667694446021644,-0.7692326261258051,-0.4762549098828858,0.7525229862241046,0.4639050698100778,0.9074696596216185,0.5476698471451774,-0.01613985090341014,-0.013524010200338854,-0.9206607265727942,-0.5455796323302378,-0.7303808108843386,-0.4245362741219433,0.3287160936155736,0.19173287719338333,0.9967043000923899,0.5678494770289737,0.2604123029119005,0.14744871619915545,-0.7795653101322617,-0.4424921143658354,-0.886951066379263,-0.4961055884755737,0.06677934751345108,0.03677430384272544,0.9405981971408348,0.5133534024233096,0.6887901735361299,0.3727868467045428,-0.3879583161087662,-0.20461864215380435,-1.0,-0.5267036582248988,-0.16431555695330066,-0.08859471283521947,0.8396548480462961,0.42069804982136033,0.8328340951622507,0.41878079143842895,-0.17704469579085097,-0.08123391541798994,-0.9736140501362822,-0.4740196449072555,-0.5977349353912367,-0.2944614477705028,0.8921943626165978,0.4217204253848851,0.7696910997127128,0.36766524859624977,-0.2794249974206365,-0.12366742368394497,-0.9921057792863128,-0.45847144302468484,-0.510725624531455,-0.24036893121717473,0.5855227168687789,0.2607900847347018,0.9769055636739855,0.44184050630181076,0.19324988146484362,0.09249648905966637,-0.823086900246985,-0.36139175554750375,-0.8491864591231809,-0.37597447911831516,0.1457401179417912,0.0584817968278191,0.9654516358428812,0.41568596647726636,0.6244716573636716,0.2704898675481022,-0.4672904958351757,-0.19506517858873607,-0.9199872344093892,-0.39597242482048595,-0.004158798964557247,-0.005449305445967145,0.9165742602687664,0.38476934409052316,0.730417735001504,0.30668240094821053,-0.3379584349521828,-0.1377396138193464,-0.9980455662108534,-0.40871831652311186,-0.45333901559322387,-0.18489260356468337,0.9987478932148832,0.388791783831648,0.3445579692323344,0.13155365620789178,-0.7276406736816413,-0.27756690497363296,-0.9169870187288359,-0.34340832057802934,0.006058572490622354,0.0043921877491859,0.9219388519280065,0.3378023779402763,0.7190904498521147,0.2571817695308877,-0.3561862945254114,-0.12920102312461512,-0.9996443024308084,-0.34972051619537364,-0.42961381965260476,-0.14492560743418562,0.6615308851472483,0.2267455482932722,0.9499967706450788,0.315459360868552,0.08472374721229803,0.02403392631019345,-0.8830523995382177,-0.28610275752655595,-0.7785051699646871,-0.24369478649221457,0.27194440895083105,0.08833942933973263,0.9627576488180573,0.30703325637361384,0.12618360334917522,0.03571044026347475,-0.9934516695779124,-0.29167169141857446,-0.491225014463053,-0.13717230007136721,0.6136520448765912,0.17642094605175923,0.9654522098316994,0.2649166537070741,-0.43907809358507044,-0.12182232354079006,-0.998387458474499,-0.26057633842108646,-0.33222949741918706,-0.07975726816076138,0.7421138553541367,0.18918060719701027,0.9053662186016269,0.2184741009023991,-0.042263448850264604,-0.016090955690444674,-0.9378355532701909,-0.22012790350829137,-0.6827534340039594,-0.1500163755306074,0.41021663327364793,0.09635294447232745,1.0,0.21419795142779469,0.3633136784199531,0.06946229078810875,-0.952462628728502,-0.17343274383316742,-0.6488084421436876,-0.10732848633991227,0.45340244626401505,0.07905186129167671,0.9971419751567082,0.15408970032908267,0.31340392538407125,0.04146855696695487,-0.7562473319054048,-0.10483076850793681,-0.895062336443896,-0.11025082959580336,0.06849689549824103,0.010116949691065979,0.94768972801396,0.09641557329212215,0.6591543986538444,0.05741571896624896,-0.8660839442346846,-0.058502400118942956,-0.4027938429245862,0.0013852208871057003,0.6961375629924685,-0.012272294956563954,0.9279453655542199,-0.038614902564621544,0.0016895168042793897,-0.0075733903732254455,-0.9270329228938776,0.07128736731351831,-0.6955510230452647,0.08397487618724632,0.9395994162749142,0.05871588400121448,0.030644202591991954,0.001611479972461736,-0.917093585519226,-0.02984534780115933,-0.7097760067140366,-0.011550172134664829,0.39262543029773206,0.0006942808669360298,0.9999999999999999,-0.018172817790491406,0.3440165540863304,-0.016405948523028943,-0.7475044839120926,0.03713097419503867,-0.8922941235799188,0.0719149151066129,0.09457643724858865,0.00561788789139514,0.9530050827384516,-0.20397245776183734,0.0545789443655639,-0.0800134625906328,-0.9143235732162793,0.18602167052843022,-0.7019958279562857,0.2570403346998596,0.8625689856375689,-0.18355402386432343,0.7760936403752866,-0.34213448386642537,-0.3210555316241358,-0.07320771719380544,-0.9999999999999999,0.3357265863656832,-0.37091877658663236,0.3660297313016489,0.7448054592125015,-0.07629805496455132,0.882382632633998,-0.47889035861473045,-0.7526589318784523,-0.11778580269286872,-0.8715148075462198,0.5550018970499788,0.17416790422337577,0.5928599044561547,0.987123958514487,-0.11149603942606368,0.4786639738047379,-0.7408183550903761,-0.670935346300253,-0.49944677215179967,-0.6568233550743684,0.6658825054043241,0.4964793233898365,0.49752059799067555,0.9831774960915376,-0.31310337331656135,0.1481931915555141,-0.8011261428059926,-0.8858939411472461,-0.3256114343342896,-0.7285434959333998,0.598164541898303,0.8642546225177442,0.6947557922236016,0.5761086509795833,-0.3841394382597566,-0.7529140352438172,-0.8433473185379434,-0.5378658853290536,0.1596168797089135,0.3440925791813558,0.9705130828689156,0.6967962284636171,0.605601381994021,0.12684147028022846,-0.49426519609393066,-0.5395027863900862,-0.9936791238008503,-0.25734705550411624,0.48847418940963255,0.5539114853049262,0.9944971561069353,0.5733048701807352,0.28652141609234116,0.2538161342580669,-0.2913064501364728
2,-0.7843813751594287,-0.914141660402274,-0.6864040814955633,-0.7463534265591845,0.26388275475926143,0.2998767255731723,0.968296672113801,0.9931066752357508,0.42798149122547996,0.4166814250825121,-0.6475351387988214,-0.6465027101356351,-0.9592786925895468,-0.9045983092649423,-0.13018155321463165,-0.10799376532828928,0.8541270089264157,0.7672246626699167,0.8212376676812408,0.7097792098516555,-0.19032989699207292,-0.16613598002155555,-0.9750103564653767,-0.8084753697664625,-0.47842623330568657,-0.3807187069294628,0.9452181842624974,0.7320414113219099,0.6790063984284741,0.5189949752073466,-0.39942374916785467,-0.2978797871889761,-0.9999999999999999,-0.740677720333898,-0.4060233013929975,-0.2991683793225702,0.6728757737416358,0.48458786773947726,0.9486775227356936,0.6786486166958957,0.09274416699111913,0.06709027850654349,-0.8734452531578799,-0.6111784579968907,-0.7989499301050554,-0.5543440233303404,0.22672219532176424,0.15609137379950375,0.9825249636745764,0.6691205576229743,0.5694062087455369,0.38277155589919315,-0.5206940819869558,-0.3500144706226574,-0.9916466435207163,-0.6563201255892172,-0.284321883512028,-0.18321724301925732,0.7608414255423464,0.4967545508845096,0.902317383230505,0.5784771896122025,-0.02835357458413915,-0.022528676348026223,-0.9253964145307875,-0.5845953082265851,-0.722785258805605,-0.44707618000181887,0.796652547965984,0.4906941967114653,0.875934665844258,0.5283132896184014,-0.08586021257718267,-0.05522596431922019,-0.9456757682124655,-0.5601446229019461,-0.6809422683268085,-0.3955249581019352,0.39381122158729315,0.22921946103342916,1.0,0.5696149254732212,0.19241513292017956,0.10841767790176435,-0.821380901377591,-0.46611044893822035,-0.8525670445026992,-0.4768266547295029,0.13625299865000412,0.07518150339273234,0.96199150871933,0.5250952543907578,0.636507950757943,0.3446563025257508,-0.4513140478168156,-0.23845944101941247,-0.9985718963750687,-0.5261658338497824,-0.0951037855958102,-0.05332256819286317,0.8755117595668234,0.43910920868384506,0.7921416587977833,0.3988087416242839,-0.24526836297848228,-0.11500057009036196,-0.9872333750572709,-0.48112285105787694,-0.5403330400951245,-0.26698398788782424,0.9215565926902952,0.43615541806903896,0.7232807296422865,0.34614738298845826,-0.3457573911547166,-0.1548217877087764,-0.9984851492831219,-0.4619206036764938,-0.4495026071707078,-0.21251015288446637,0.6406882977339154,0.28617138641992046,0.9596150746749883,0.43448758048181124,0.12432351824556312,0.06175804114001557,-0.8607328549836698,-0.3784196713239721,-0.8102796640093165,-0.3591990926854691,0.214425086199933,0.08846207804832364,0.9813080485889242,0.4228444371481884,0.5684617768930095,0.24668669414730385,-0.5278649942530819,-0.22088742535998251,-0.8903829470550776,-0.38354703182884364,0.06564019444044479,0.024217576781521016,0.942239505916475,0.39578491473994404,0.6809817697101844,0.28617965163437403,-0.4028215690470646,-0.164618390310802,-1.0,-0.40963273806036443,-0.39004724564277277,-0.159252870327307,0.9926299870878106,0.38636368967844775,0.2781946933882158,0.1059967167136019,-0.773725482837719,-0.2950057605570624,-0.8869199791415091,-0.33200961471690354,0.07582804913945565,0.03022790392585267,0.9467505290549412,0.34670880571795853,0.6688638514593566,0.23895624930084067,-0.42051486629811846,-0.15196053830156717,-1.0,-0.3496258244847498,-0.3655726524774622,-0.12278343120792586,0.7122359226397003,0.24375880145470802,0.9257993421147745,0.3071587691376746,0.014997821686979416,0.0011766978498880547,-0.913636259131521,-0.2957075631562555,-0.7328060652058225,-0.22903490923436154,0.33844421556633547,0.10889848826693775,0.9415488496588781,0.299987896210696,0.05666065495962758,0.01382790355744066,-0.999159737692382,-0.2930384844276851,-0.429264133620059,-0.11922678264402223,0.6672355841988862,0.1912948769571444,0.9448923519985883,0.2589263445490117,-0.5006811726078684,-0.13810688668919463,-0.9919108736088664,-0.25851809848933105,-0.2656039713902134,-0.06261663697986822,0.7871179391118371,0.2001215339897427,0.8735067908059637,0.21033583687708018,-0.11185653898077497,-0.03264003090180019,-0.9597650671882438,-0.22481425313845632,-0.630106754779733,-0.1378002145327253,0.47287195655561964,0.10996942858615388,0.9957915749573755,0.21283976005505456,0.2974333151057564,0.05560359050863893,-0.9715105143498153,-0.17645527682392984,-0.5941123998438654,-0.09766004093456192,0.514483281515702,0.08887537212422704,0.9894259748428137,0.15255529889926697,0.24639757116330543,0.03163745778575958,-0.8000582070560448,-0.11056078209382761,-0.8617226965280113,-0.10590613160086433,0.13796217891365953,0.01797060229496889,0.9677066423356024,0.09832894917346476,0.605082973420979,0.052597521197286376,-0.898926098180339,-0.060702203269313436,-0.3379299949515023,0.0013332275110941943,0.7445747375523728,-0.013364543935844396,0.8995754057274363,-0.03777200019025673,-0.06810947660072242,-0.0033460467603393974,-0.9510340744682164,0.07399787400583863,-0.6436813963560579,0.0793897021373746,0.9134346171244,0.057073356376085356,-0.039154790813009856,-0.0017357389188840536,-0.9426762005187896,-0.030688220731841218,-0.6588992695661124,-0.010702911712192325,0.4558382577949984,0.0006383553989257737,0.9957627455768048,-0.01824962518015461,0.27763933815840697,-0.01407001004121171,-0.7920634712583062,0.039971458202548854,-0.858598057166652,0.06999835005197592,0.1637933595604623,-0.0011456019811675413,0.929447536183232,-0.2029152055260832,-0.015220049039437904,-0.06483074273943167,-0.9403469291806991,0.19773747872038633,-0.6505760421625597,0.24841358619662354,0.8958120896566001,-0.2015630118212601,0.7301999334297239,-0.3363084022818666,-0.3863429489098312,-0.04719216270414982,-0.9994712817864592,0.35084602761462846,-0.3052342255000211,0.34878071990695997,0.7895953979941586,-0.10803937194842028,0.8474103934062555,-0.48591776146911425,-0.7967768609576078,-0.07369256584361837,-0.8351432608878221,0.5798688606133513,0.24243396351851665,0.5652264731602978,0.9959881563479174,-0.16183158442476167,0.4162278086927763,-0.7527899186278411,-0.7210267900932879,-0.45465046387670965,-0.6026111976045051,0.6803761645729072,0.5558225944961066,0.4584576564738675,0.9679300417681679,-0.36128997116355865,0.07882238920734415,-0.7986272301519693,-0.9160980889564375,-0.2712169126462096,-0.6789767106417263,0.6407174749691855,0.8858883081798229,0.6428337321083349,0.5276860837063342,-0.4476121016954207,-0.7746204271692817,-0.8038029024463426,-0.49671796379215916,0.22809736141913717,0.3893107952538074,0.9851258693122734,0.6880206791403108,0.5486090436475596,0.08103974654075828,-0.5537030322861479,-0.5602228825086958,-0.9832434002809526,-0.20738961192790922,0.5481593587365953,0.583941292054892,0.984465464593154,0.547125952653609,0.21897124745864197,0.21107600624797146,-0.3573406051258865
3,-0.8080171111486946,-0.940193960797402,-0.6437130997225415,-0.6980597861162587,0.32623127033666577,0.36569575634765994,0.9753500698654141,0.9989868193007901,0.3648996292196393,0.3522317681050643,-0.6991533282133577,-0.6962319616239999,-0.93723204323628,-0.8827733790214035,-0.060678177792485494,-0.04407066371472117,0.88833308621761,0.7971967372313434,0.7794086732568989,0.673037759939406,-0.25835779480802923,-0.22373301973674017,-0.9881680424679676,-0.8191679461671929,-0.415981072576055,-0.3309858905425959,0.965714801218249,0.7480039881284872,0.6261334991956246,0.4787726335460206,-0.4624284162573286,-0.3452637991761892,-0.9977986884457438,-0.739219020509962,-0.3412426038859215,-0.25185874898413024,0.7228406144222924,0.520807276523087,0.9242304682442749,0.6613035413473031,0.023057507444654922,0.017808580707275288,-0.9053129041553676,-0.633553776589506,-0.7550353472742518,-0.523904374599151,0.29411867667286434,0.20239585555415265,0.9931982126507395,0.676319183927087,0.5106689758309919,0.34308367345710844,-0.5790031439345369,-0.3889019963523371,-0.9802070634552206,-0.6485451600691889,-0.21672721986836083,-0.13881815589593527,0.8042591910929987,0.52474678367422,0.8699877041175023,0.5574232799145484,-0.0980144322238586,-0.06685064084455415,-0.9496579534955273,-0.5995730822726408,-0.6728165543586245,-0.4157193399117237,0.8369008985734072,0.5150927108108827,0.840132206423549,0.5063828428504709,-0.15516227192591778,-0.09665886309123295,-0.9660835725684013,-0.5719806451764167,-0.6281862434860682,-0.3645866842440844,0.45698774087320504,0.2655893107003798,0.9984238004272586,0.5686052672580553,0.12348053574237283,0.06885843957574259,-0.8591948074363281,-0.4874579402566365,-0.8140294016850579,-0.4552246694520378,0.2050628388732379,0.11322242621542813,0.978698094366393,0.5342788950612043,0.5811247252252185,0.31484662748578374,-0.512471022849831,-0.27113848945823243,-0.992278850847094,-0.5230645824221544,-0.025428678154696058,-0.017790641358237033,0.9071032658008752,0.4553810716207249,0.747589987897454,0.3768937357090598,-0.31229710735597227,-0.1482069535450698,-0.9960429982113322,-0.4858820750404444,-0.48029869654175616,-0.23820580885329282,0.9464290916789503,0.44846550539854974,0.6733466085609675,0.3229431221253605,-0.4104052896345026,-0.18522187554652156,-0.9999999999999999,-0.4631193335792876,-0.386089658291669,-0.18361604644834997,0.692732509614255,0.3101584898763485,0.9376494374923446,0.42501787484424314,0.054791463342346365,0.030718714251826807,-0.8941854057714378,-0.39360396450036195,-0.7674252678214258,-0.3406737243796262,0.282065396992043,0.118011380916753,0.9923836271629819,0.42794285222549866,0.5096824077869029,0.22168168796947957,-0.5858677874797902,-0.24563353079840153,-0.8564408034836949,-0.3692530362521444,0.13511939541626225,0.05376647340927192,0.9633142554049424,0.40487226106891233,0.6282281296888851,0.2642826638244528,-0.4657221969490316,-0.1906951625520461,-0.9970825343087955,-0.4085514700739259,-0.3248552047189621,-0.13283727311373852,0.9816760874424635,0.3820532704662764,0.21047608096194234,0.07992337187023599,-0.8160407792160246,-0.31100737772893305,-0.8525319545686897,-0.31899339138636695,0.14522809915509038,0.055916352793090304,0.9669497327713503,0.3539261030452302,0.6153786156162474,0.21956655824399807,-0.4827947319122272,-0.17397971701093393,-0.9954837980888401,-0.34782779090150134,-0.2997504520866838,-0.10004306644696839,0.7594710183107563,0.2595844862380055,0.8970915122507113,0.2973617307590499,-0.05480117171802262,-0.021686263364060817,-0.9397689747087311,-0.30387171126267803,-0.6835368029586836,-0.21325919692122738,0.40329515598389426,0.12892700470574414,0.9157529191483205,0.29148102517211744,-0.013138338445374466,-0.008122001304749351,-1.0,-0.29297762339678945,-0.36521192106754796,-0.10070040431627034,0.7175684188252508,0.20523683845088816,0.9197290736067872,0.25167457226749174,-0.559844983286016,-0.1537186069681052,-0.9806017986735439,-0.25520038436788406,-0.19768444951104447,-0.04517094383781147,0.8282872633910033,0.21008748878502306,0.8373917257300894,0.20117283779738046,-0.18090467529715118,-0.04903008716356661,-0.9770187021742025,-0.2284053303255804,-0.5743902587843295,-0.12491270474126867,0.5332234951981752,0.12305015269799721,0.9867317534581774,0.2104446347659041,0.23010388657825656,0.04147399512546435,-0.9858252984011115,-0.1786181374432284,-0.5365219016519734,-0.08751580562653137,0.573057605935523,0.09826589107750931,0.9768895906362364,0.15027766338801907,0.178190792743629,0.021652224090418178,-0.8399712790434771,-0.1157521546628882,-0.8241848302547049,-0.10104546957841305,0.20675532446132033,0.025736703930889327,0.9830089871693173,0.09976327629842562,0.5480636447643344,0.04752307359213494,-0.927388774535394,-0.06260627138711994,-0.27141978601161887,0.0012747387846641985,0.7893844188353129,-0.014391682200468664,0.8668228049489525,-0.03674507642779317,-0.13757664748206638,0.0008975984560195798,-0.9704018836293569,0.07634787049424274,-0.5886758186064318,0.07441774943891456,0.8828196563373826,0.055152773095685656,-0.1087630260129967,-0.005074501464692906,-0.9636661918269059,-0.03138158373588673,-0.604812441409185,-0.009803507779710926,0.5168302871209889,0.0005793199275792097,0.9866742351508806,-0.018237522230386015,0.20990949128318417,-0.011665523884786097,-0.8327636049904907,0.04261720528361307,-0.8207189873248445,0.06774076007209533,0.2322122970890083,-0.007903510596033484,0.9013618146594671,-0.20086937080597106,-0.08494489189543378,-0.049332174026367116,-0.961789009429493,0.20848992979251826,-0.5959867152870927,0.2385765916718837,0.9246908872215408,-0.2185900050456462,0.680748765807932,-0.32884385996699295,-0.44974814218349546,-0.02094669274153921,-0.9940732399545565,0.36425618228395423,-0.23806260394881082,0.32983248390419984,0.8305385073666398,-0.13925433197223624,0.8083096559232326,-0.4905778218339031,-0.8370129732619076,-0.029240306221129303,-0.7947029802106862,0.6019107613760296,0.3095189089127721,0.5348393153035695,1.0,-0.21137870221139624,0.35176382353593627,-0.7610939653519292,-0.7676054638423473,-0.40763914424291636,-0.5454631789541782,0.6915550994588642,0.6124579537930833,0.4171611553387202,0.9479669295772909,-0.40771640058778824,0.009067572102154644,-0.7922374859103742,-0.941839098962091,-0.21550104942234674,-0.6261020190663069,0.6801488969067125,0.9032060350536308,0.5877798506676558,0.47669268287608746,-0.5089040439654355,-0.7925529462381505,-0.7603424394120084,-0.4531500822655845,0.2954665757127934,0.4326323282651667,0.9949392215448478,0.6758931622278298,0.4889439371864353,0.0348432053022282,-0.6104432829631014,-0.5782136290571301,-0.9680174137501675,-0.15642178700912032,0.6051739507685792,0.6111261955275397,0.9696375562939974,0.5182814924820628,0.15035427291823683,0.1673075371527217,-0.42163383260687903
4,-0.8277162689940402,-0.9616657307234917,-0.5978860124334856,-0.6463652685640984,0.38699041995764255,0.42973315415682906,0.977651660118489,1.0,0.30004001289982296,0.28606607335962175,-0.7473653128914856,-0.742569240980325,-0.9106192935786012,-0.8566476656113422,0.009120815612516547,0.020067145742497447,0.9182112940076819,0.8232849494229147,0.733782478122335,0.6330173377142505,-0.3251269994177153,-0.2802400546693317,-0.9965114730979591,-0.825869618676671,-0.3515092938751041,-0.2796405441675909,0.9815065527357777,0.7603223646940008,0.5702101404934135,0.43621775974011534,-0.523180178585939,-0.3909657206396117,-0.9907362019797534,-0.7341589199241376,-0.27479940671429975,-0.20332208813739247,0.7692838482891683,0.5544893646068414,0.895280655814892,0.6407366616192661,-0.046741485960346905,-0.031559878707085244,-0.9327699616855455,-0.6528424848671806,-0.7074423081274153,-0.490912316417599,0.3600822413959202,0.247714285045302,0.9990326997708034,0.6802228511504735,0.449443814998464,0.3017243218445908,-0.6344913607660617,-0.42589483064808065,-0.9639920131066403,-0.6376105477208351,-0.14807668299483903,-0.09374276067104045,0.8437586867084972,0.5501825028812317,0.8334195323608973,0.5336536600291426,-0.1671977734021595,-0.11084691573869018,-0.9692928543701207,-0.6116297965307397,-0.6195699552900916,-0.38233715698554044,0.8730719521279647,0.5369817450001677,0.8002367073429386,0.4819853497735981,-0.22370839628268663,-0.13762084959838003,-0.981784714869165,-0.5810300352428813,-0.5723697584121237,-0.33187218070872165,0.5179378618218298,0.30066523594254235,0.991983380460045,0.5648254213368098,0.05394435380664951,0.02896372985373408,-0.8928228027591955,-0.5064305854892233,-0.7715258894483563,-0.43140487534402605,0.27287363355832567,0.15071174075868185,0.9906365612760912,0.5408595826604394,0.52291031844565,0.2835030513249783,-0.5711312905729291,-0.3024965784311583,-0.9811515225013134,-0.5174150129272337,0.04437031525030598,0.017827959692776514,0.9342754561056467,0.4694343637514139,0.6993961337235715,0.35314254139868734,-0.37780437161841923,-0.18069128761981773,-1.0,-0.48827413039411016,-0.4179243860182925,-0.20826711506239304,0.9666906832676652,0.45859071386535344,0.620132010487304,0.2981655148333965,-0.4730537347969848,-0.21471958102504263,-0.9966429512365264,-0.46206179264147573,-0.32079571940703,-0.15382738109095773,0.7414017983409821,0.3326345323471207,0.91111566650243,0.4134775248430812,-0.015007530062655452,-0.0004702711243624982,-0.9232815751454904,-0.4068706587266382,-0.7208320528700273,-0.3204886279330081,0.3483315135231224,0.14698574419981844,0.9986244124595549,0.43095637274343124,0.4484199172231546,0.19559667089123337,-0.6410162917371215,-0.2691829343657675,-0.818326166406868,-0.3531600770000102,0.20394030827976584,0.0830534251831606,0.979695834673087,0.41198711043957004,0.5724138253690123,0.24109811744197937,-0.5263538731216947,-0.21584288712994795,-0.9893073827368242,-0.40547978039273724,-0.25808050189209164,-0.10577450605831655,0.965939560576832,0.3758815261242538,0.14173205022620422,0.0534606483929876,-0.8543804069461222,-0.3254937982188606,-0.8139904800094235,-0.30442306431809946,0.21392061246991897,0.08133238281021277,0.982438054587145,0.3594191079749929,0.5588953170154983,0.19910716098614403,-0.5427224701228167,-0.19515128402740345,-0.9861176991790729,-0.3443351752845079,-0.2324678976241492,-0.07681530192257517,0.803006047522362,0.27414550149769273,0.8640131427142862,0.2861159759188638,-0.12433317932300875,-0.044443571282795476,-0.9613232303064075,-0.3105554269369065,-0.6309374181164088,-0.19644450723743245,0.46618128294058675,0.1483274017373213,0.8854955324668337,0.2815540878784706,-0.08287332318613158,-0.03003233659300327,-0.9959683628272665,-0.29148940483471236,-0.2993804327465697,-0.08168342374105833,0.764405332244824,0.21817890669803403,0.8900849676192171,0.24319666676812401,-0.6162812854810152,-0.1685814256456074,-0.964515330344832,-0.2506393596264497,-0.12880182886502914,-0.027505182397944306,0.865421255382073,0.2190299184528636,0.7971969723407799,0.19102974487375485,-0.24907146221995383,-0.0651812737691592,-0.9895124002527453,-0.23088363970258177,-0.5158753911856355,-0.11141663280849406,0.5909772225715637,0.13553138883485363,0.9728646740420601,0.20702424436999486,0.16165341504530947,0.02714234260698996,-0.9953372406934101,-0.179910788451536,-0.47631752268622596,-0.0769452021105464,0.6288400513027754,0.10717766848711477,0.9595938985406776,0.14726789020660264,0.1091158866933817,0.011561502935782246,-0.8757920953930277,-0.12037959436979713,-0.7826316183351668,-0.09569252418523079,0.2745411788511782,0.03337741893230291,0.993522211029261,0.10071156676943004,0.4883742051215629,0.04221709834944527,-0.9513333060017063,-0.0642053280438888,-0.20358724715730836,0.0012100396590116133,0.8303482985783315,-0.015348705636059055,0.8298471305974807,-0.03553913434657557,-0.20637355876603375,0.005136870662927112,-0.9850419923579116,0.07832590783206009,-0.5308022714420416,0.06908324094563413,0.8479036869254108,0.05296349104870114,-0.17784137868306915,-0.008388541549452837,-0.9799612983158286,-0.03192205881843679,-0.5477790278332461,-0.008856342142771954,0.5753043712397249,0.0005174620677785172,0.9727787470314484,-0.0181365679055403,0.14115698646645825,-0.00920420446860823,-0.8694065981482669,0.04505532562440206,-0.7788414570751742,0.06515314391842086,0.29949991964803524,-0.014622914101733574,0.8688847489792542,-0.19784492070261084,-0.15425589177674554,-0.03359326392029929,-0.9785453503030397,0.21822663888403568,-0.5384938010431218,0.2275772759741538,0.949064683733541,-0.23455204973804084,0.6279810586277509,-0.31977722342162934,-0.510962207716967,0.0054008274025539905,-0.983832173221488,0.3758917174480962,-0.16973116532113114,0.3092773371945036,0.8674353166166697,-0.16979085888848075,0.7652709150475544,-0.4928478363634273,-0.8731712424967253,0.015354409234044936,-0.7503909864972277,0.6210202134131417,0.3750959092955364,0.5018464740645432,0.9991399441717312,-0.25989600420857095,0.2855860803900053,-0.7656900387817207,-0.8104444409309987,-0.3586418476741153,-0.48565771852575335,0.6993648474151329,0.6661094795032385,0.37383228698765647,0.9233854177948162,-0.4521564766918634,-0.06073142130284718,-0.7819880402728574,-0.9629915635509364,-0.1587352867477865,-0.5701770213895511,0.7162667017868384,0.9161234329146105,0.5298623648779494,0.42337688321184924,-0.5677166568881068,-0.8066242270200907,-0.7131776644422138,-0.4073744990886989,0.36139630654977317,0.4738461200612677,0.9999053299009967,0.6604727617695179,0.4268967450118117,-0.011523088530107431,-0.6642095153270022,-0.5933873769266291,-0.9480753436843614,-0.10469189086748601,0.6592401961442914,0.6353337536057676,0.9500856712882028,0.48691201697661757,0.08100478747373291,0.12272396255415886,-0.48387290243789555
5,-0.8433828763785951,-0.9784523618757978,-0.5491460845911457,-0.5915217243959043,0.44586419115272585,0.49167693523557177,0.975190229756668,0.9961412812188585,0.23371863179707542,0.21850669346003224,-0.7919362088901047,-0.7852887976373928,-0.8795700982577389,-0.8263484508843443,0.07887537332067471,0.08410719008280022,0.9436160686716245,0.8453622000972111,0.6845813685139162,0.5899129186504316,-0.39031221796789023,-0.3353817882252062,-1.0,-0.8285477374200797,-0.2853249972279853,-0.2269328171707712,0.9925165029890712,0.7689365271260618,0.5115087753040412,0.39153767685721264,-0.5813830596743662,-0.4347628964118161,-0.9788469483261727,-0.7255220708778392,-0.2070174144559066,-0.15379486251511545,0.8119792085753208,0.5854700362433066,0.8619691260236756,0.617048177282444,-0.11631275954418788,-0.0807745815647734,-0.9556826577241001,-0.6689506101820789,-0.6564026811672342,-0.455528582776793,0.42429152163423467,0.2918258754398629,1.0,0.6808125410188168,0.38602900907719817,0.2588949996652693,-0.6868883994667829,-0.4608127481397054,-0.9430804905703428,-0.6235695608763736,-0.07870473140638336,-0.048210660139146246,0.879147474816678,0.5729377882383577,0.7927910244176685,0.5072841331547534,-0.23556654383510664,-0.15430315560164046,-0.9842054578911998,-0.6207067119009531,-0.5633048736783406,-0.3470922658629206,0.9049894868926405,0.556254658105028,0.7564425354636659,0.45523967252162634,-0.2911646358198558,-0.17791236115988335,-0.9927027007277406,-0.5872487053825776,-0.5137647454096022,-0.29754082926862097,0.5763646415705895,0.3342763503779563,0.9807101171770509,0.5582938027388642,-0.01585463959835253,-0.011072088248698002,-0.9221010551332544,-0.5229359518155311,-0.7252635806317734,-0.4054833200480045,0.3393550153298783,0.18746680285044948,0.9977487464376911,0.544805256739968,0.4621483451573758,0.25077827679574455,-0.6270090640582724,-0.3323809344808165,-0.9652441225629127,-0.5092446494997066,0.11395314093949613,0.053359704716227106,0.9568959503013115,0.48120061884928317,0.6477948918892408,0.3276708721243839,-0.44147101095910385,-0.2122953119043058,-0.9990851023083164,-0.48828736326563976,-0.3535139898957609,-0.1773137648218465,0.9822426550189074,0.4664817144715825,0.5638961915939982,0.2719352751246576,-0.5333975097147308,-0.2431711942883458,-0.9884303581968277,-0.4587531330962035,-0.2539388960237137,-0.1232892841955653,0.7864590520316396,0.35349001281260406,0.880143031570342,0.3999227539034993,-0.08473340828974388,-0.03165696538690539,-0.9478796094933734,-0.4181551200020942,-0.6707270166148304,-0.29874214310650465,0.4129005939344776,0.17524400771209778,1.0,0.43187031713294094,0.38497276989770796,0.16855872649371367,-0.693041829055842,-0.29142090573507734,-0.7762247265051654,-0.33534655735225827,0.2717676444613376,0.11193574901805728,0.9913044343133853,0.4170948000209657,0.5138107784307784,0.2167389652664266,-0.5844212061334152,-0.23993904685820325,-0.9767124250409894,-0.40043263398016016,-0.1900484568021651,-0.07819641624179466,0.9454970732679755,0.3678785247704328,0.07229751518861972,0.026737470010614082,-0.8885575792155965,-0.3383944456423882,-0.7714833256535887,-0.2883696186809736,0.281570926064018,0.1063521696337858,0.9931400369553186,0.3631610591393838,0.4996891366102104,0.17767773365414724,-0.60000611901324,-0.21537209360462992,-0.9719473339631096,-0.33916499330597916,-0.164052782931982,-0.053213300968662634,0.8426289119883241,0.28737090743109245,0.8267253879968545,0.27347629280427826,-0.1932594481762609,-0.0669843545896926,-0.9781940157579042,-0.3157261477880207,-0.5752641695946783,-0.1786727596609095,0.5267962215471708,0.16700516257745232,0.8509241005608682,0.2702554473703977,-0.15220455742672342,-0.051796357356216065,-0.9870844679052282,-0.2885810791926931,-0.23209039305086696,-0.06226848973616942,0.8075181397234551,0.23005802924301394,0.8561044571404341,0.2335339315543055,-0.6697151272015287,-0.18262293256310982,-0.943729840279422,-0.24485724511909554,-0.05929169865589883,-0.009705418474245843,0.8983390020087615,0.226905256374812,0.7531183554361855,0.17995597423534715,-0.3160247980153969,-0.08101490376094726,-0.9971852933826953,-0.23223710719529453,-0.4548472305366988,-0.09737775024023726,0.6458517683214056,0.1473523296688743,0.9542578957260253,0.20259525266551934,0.09241538432360588,0.01267845532367301,-1.0,-0.1803269321830769,-0.41379257262922126,-0.06599972930438351,0.6815588511508609,0.11556728706931248,0.9376231614294699,0.14354064266741617,0.039509379011454564,0.0014144553010013588,-0.9073461406881371,-0.12442055679345093,-0.7372655038409551,-0.08987337443319697,0.340989496214455,0.04085552250376463,0.9991950945455738,0.10116920061062508,0.4263054554426427,0.03670544564724504,-0.9706430372288678,-0.06549158279632483,-0.13476285169936686,0.0011394453417730853,0.8672668048769953,-0.016230951720637064,0.7888285244416801,-0.03416004917520275,-0.2741650388162908,0.009351116552321242,-0.9948830755157732,0.0799223492202123,-0.4703427089672434,0.06341216584668967,0.8088568159817192,0.050516176197198864,-0.2460533060327508,-0.011661713502997162,-0.9914821318647217,-0.03230701283921755,-0.48807688989625975,-0.0078660292971498,0.6309756302911732,0.00045308318479871275,0.9541439786398572,-0.01794725404494022,0.0717167790007182,-0.006698043093462668,-0.9018139297523102,0.047273940947694444,-0.733169489535503,0.06224810819674695,0.36532840870416267,-0.021271076239820202,0.8321745641420039,-0.19385659003288938,-0.22281537245906924,-0.017690690809194644,-0.9905343165929447,0.22690016972697508,-0.4783773991296767,0.21546922666386537,0.9688147325060397,-0.24937138042120094,0.5721538908543703,-0.3091526643876497,-0.5696869167361824,0.03172203525843088,-0.9687979750349485,0.38569594594933426,-0.1005728135173249,0.28721542238644543,0.9001060681984357,-0.19950018180753729,0.7185038511985276,-0.4927167457750803,-0.9050755092089655,0.05987431955084959,-0.7024231633265929,0.637104117395239,0.43884548011272106,0.46640868724930556,0.993412178968654,-0.30714711899789526,0.21801699056742643,-0.7665557473094611,-0.8493350141690245,-0.30789728407399836,-0.4234861825108142,0.7037673601347039,0.7165157867863439,0.328682145311879,0.8943052650752227,-0.4943936918921058,-0.13023453732796286,-0.7679288275082942,-0.9794524300417351,-0.10119618171220773,-0.511474178578579,0.7488949272947361,0.9245775694988356,0.4693634429081363,0.36799843393029863,-0.6237634113250978,-0.8167657156495727,-0.6625383595796246,-0.3596142283013953,0.42556535090867137,0.5127513811912751,1.0,0.6418346044063545,0.3627697548070012,-0.05783324303342134,-0.7147397856983375,-0.6056702011428321,-0.9235143458443256,-0.05245194635713806,0.710094689550981,0.6564460294999536,0.9259050643941701,0.4531703550686869,0.011260654847229493,0.07754248914620157,-0.5437545921269687
6,-0.8549406071659839,-0.9904720714747325,-0.4977307722246489,-0.5337963458460077,0.5025657568266257,0.551225315709041,0.9679777706212516,0.98742946224739,0.16625859701352708,0.14988277091412144,-0.8326488712841605,-0.8241825062093254,-0.8442357258322419,-0.792023349568894,0.14824565813854024,0.1477374726474456,0.9644236407009548,0.8633209311081455,0.6320450472919759,0.5439345031447871,-0.4535958746261725,-0.38888957542130703,-0.9986166274216898,-0.8271892548721055,-0.21775062587513927,-0.1731194962999019,0.998691012607212,0.773804508091194,0.45031539077806976,0.34495006176989,-0.6367535009364808,-0.4764419510549154,-0.9621888507336978,-0.7133505512314476,-0.13822685416360114,-0.1035183637820703,0.8507186877771594,0.6135983567144374,0.8244581692953056,0.5903534962513678,-0.18531736905524704,-0.12959575878051052,-0.9739393639191076,-0.6817996753668507,-0.6021651263257733,-0.41792555967027245,0.48643369622878263,0.33451571950351583,0.9960954007488448,0.6780853806223539,0.32073350862720823,0.2148043670716128,-0.7359389869310824,-0.4934856322431289,-0.917574374682106,-0.6064906058123154,-0.008949338277886864,-0.0024436821171721595,0.9102531447991475,0.5929017782826917,0.7483001182945518,0.4784431689756568,-0.30278765774555516,-0.19700764600099838,-0.9943231113534198,-0.6267596065640053,-0.5042954273452358,-0.3101563761106083,0.9324980038464005,0.5728175544301235,0.7089630515889519,0.4262761133456612,-0.3572023505190775,-0.21733710158150374,-0.998784338814497,-0.5906063588596833,-0.4526567222108968,-0.2617598888170231,0.6319834307215894,0.36625890403567035,0.9646589327838065,0.5490422328534716,-0.08557639079293398,-0.051053964250144725,-0.9468869238559781,-0.5368936267499316,-0.6754678605535926,-0.37758629077575007,0.4041830935785914,0.22330854552282775,1.0,0.5460966943722926,0.3991348315864839,0.2168317357101066,-0.6798321124102547,-0.36064596402849897,-0.9446341502853853,-0.4985932973289102,0.18298079838055964,0.08863148662199899,0.9748545436139533,0.49062251290223624,0.5930376584577408,0.3006028232984521,-0.5029868479109069,-0.24286505476904702,-0.9933027624258699,-0.4859217091858134,-0.2873813091495584,-0.14549655974260525,0.9930092392895842,0.472100063055484,0.504913127137893,0.24438019409034928,-0.5911426255820772,-0.2704381019365591,-0.975402231808666,-0.45320947440019044,-0.18584490786481758,-0.09215053430056762,0.8276847562753868,0.3726233254683562,0.8448824282601116,0.3844195995069941,-0.15404647386901707,-0.06268943009623032,-0.9678596696643298,-0.42740237156570565,-0.6173542657559299,-0.27554021658824207,0.4754580641568074,0.20264850003427048,0.9965036880600937,0.4306802327488315,0.31965007393464695,0.14069958092418053,-0.7416909362477233,-0.3122391037451724,-0.7303415977617661,-0.3158992629860041,0.3382709559970827,0.1402727331354809,0.9980834983952824,0.420170445662882,0.4527044970281082,0.1913238826386204,-0.6396412977746679,-0.2628662476687546,-0.9593590225891446,-0.39343462002617924,-0.12109051473430166,-0.050237361345619035,0.9204482192591906,0.35808325622295023,0.0025107539243570333,-0.00011597063801006721,-0.9184057882766279,-0.34964646934203675,-0.7252175820844022,-0.27091126524844666,0.3478494544097446,0.13085381937738572,0.9990035408935336,0.3651337261284697,0.43804852095993385,0.15538267826389082,-0.6543665984042347,-0.23454363199094175,-0.9530417390358825,-0.3323424335728096,-0.09483841957189737,-0.029352050161412773,0.8781465730958413,0.29919627118991077,0.7854099102912475,0.2595042606808912,-0.2612441764243701,-0.08919879685427251,-0.9902991382923471,-0.319358682583793,-0.5167882918640346,-0.16003053635944164,0.5848446619157487,0.18486929105280642,0.8122070519715616,0.25764014948871883,-0.22079426636308086,-0.073308031472941,-0.9733915966769394,-0.28426681554091576,-0.1636696322898642,-0.0425501899084926,0.8466967999967937,0.24081633219487425,0.8179530918017821,0.2227334425007031,-0.7198861841418459,-0.1957747189103579,-0.9183465932955626,-0.2378822107264854,0.010507294749103207,0.008141629272674115,0.9268801313183841,0.23367513469613888,0.7053706216070985,0.1680054761795761,-0.38143849276161057,-0.0964538372852016,-1.0,-0.2324591388461441,-0.3916030999016703,-0.08286445306118688,0.6975797891767789,0.15845538476455284,0.9310020688636814,0.19717923725486097,0.022727115139039623,-0.0018472001195470006,-0.9997908598262384,-0.17986454122742168,-0.3492516667526508,-0.054732712451319235,0.7309571647861962,0.12339387344569167,0.9110844185253284,0.139114079545809,-0.030289614393547246,-0.008739483417825425,-0.9344796867919288,-0.12785535477111767,-0.6883075059216993,-0.08361637063496465,0.40577654702832017,0.04813458207637088,0.9999999999999999,0.10113394827593766,0.36215978843688035,0.031014967703469877,-0.9852238931473474,-0.06645876914056806,-0.06528190517425966,0.0010632997613660832,0.8999600744796532,-0.017034122239961695,0.7439668250075654,-0.03261453967800447,-0.34062081435640823,0.013519804741843517,-0.9998771883350189,0.08112941695673014,-0.40759168409304053,0.05743215304990876,0.7658692759365674,0.0478227516131321,-0.31306648640863277,-0.014878070760586148,-0.9981725641306053,-0.032534570340935216,-0.42599689041301536,-0.006837393947482403,0.6835728394972923,0.00038649692608632986,0.9308607166945496,-0.017670502966684872,0.001927174596632267,-0.004159249525650694,-0.9298277145406195,0.0492622423826496,-0.6839255939407543,0.05903980594909644,0.42937705447576746,-0.027815607832627702,0.7914101084781484,-0.18892380954292393,-0.29028931904409505,-0.0017019304307296233,-0.99769749926057,0.23446826575092997,-0.4159303906139996,0.20231143294016177,0.9838448132866856,-0.26297579880567246,0.5135392468374556,-0.2970219446486905,-0.6256361683617883,0.05788869654721721,-0.9490438904972707,0.39362110257192806,-0.030924481075605244,0.26375422291131345,0.9283915934942852,-0.22823755989451636,0.6682363088102162,-0.49018518872903116,-0.9325703390182115,0.10410252820134919,-0.6510332051115604,0.6500841141588682,0.5004570398633906,0.42869860419302563,0.9828446094870842,-0.35290184389778345,0.1493857438817945,-0.7636868732902242,-0.8840877125928758,-0.2556526758555996,-0.35925146438336464,0.7047411890181461,0.763431301180142,0.2819306972631545,0.8608681469994336,-0.5342222707217298,-0.1991031637783466,-0.7501283426880462,-0.9911415027475845,-0.04316405905153024,-0.45027948498277687,0.7778746119955086,0.9285272571026749,0.40657782942472154,0.31082713326971256,-0.676771253122592,-0.8229280038134127,-0.6086712344272869,-0.3101019531421024,0.4876610836556229,0.5491585691337079,0.995222770618652,0.6200694933675125,0.2968753868222591,-0.10386163979005353,-0.761787915679142,-0.6150022610208229,-0.8944540789426734,4.353876341132382e-05,0.7574896730086473,0.6743601663241401,0.8972135410980602,0.41722089274338653,-0.05853833855777254,0.0319832365256679,-0.6009871641012193
7,-0.8623331532535892,-0.9976663007033466,-0.44389056556759604,-0.47347036515617186,0.5568188726509993,0.6080881818533491,0.9560494210881537,0.9739069861919148,0.09798856705758452,0.08052863457448053,-0.8693049520748919,-0.859060880457542,-0.8047883218127692,-0.7538395901082527,0.21689370501155622,0.21064799309587146,0.9805326376963155,0.8770736493234373,0.576429466132575,0.49530609341592596,-0.514669657778574,-0.44050273169699855,-0.9923680950151732,-0.8218007894231674,-0.14911539536124596,-0.11846275464497036,1.0,0.774902591275463,0.38692811493377266,0.2966818846558847,-0.6890217431482707,-0.5157998284042516,-0.9408430657793335,-0.697703659405203,-0.06876286653232543,-0.052737533986308455,0.8853135510460914,0.6387372876703458,0.7829305352403741,0.5607826723286807,-0.25341913097230606,-0.17778555848638972,-0.9874511354331438,-0.6913270810674986,-0.5449938835182799,-0.37828644524676874,0.546206014751448,0.3755758366071501,0.9873379248324009,0.672054656412403,0.2538754267632061,0.16966722919364285,-0.7814041536273818,-0.5237543039512663,-0.8875979286746717,-0.5864568894809622,0.060849655127115175,0.04333520127843872,0.9369241529584817,0.6099772104615109,0.700163569213969,0.44727127777025005,-0.3685336206235765,-0.23875233495217887,-0.9995965225661355,-0.6297589914255332,-0.4428291043817042,-0.271709435670696,0.9554634842597926,0.5865897412094546,0.6580295709916135,0.3952357797946009,-0.4214998112724246,-0.2557029974908677,-1.0,-0.5910866375239682,-0.38934340096247444,-0.22470368049912068,0.6845232601248659,0.396457081129139,0.9439080270372163,0.5371157843991492,-0.1548812224136812,-0.09078711046969139,-0.9670596546664161,-0.548235609903165,-0.6223813289565873,-0.3478496990496775,0.467042032423732,0.25806235140831446,0.9973793540819575,0.5447276038030829,0.3341767732369955,0.18182881220393804,-0.729343087047059,-0.38715396269144076,-0.9194220153819606,-0.48551284873195016,0.25111699176507857,0.12347146483415529,0.9880637435821439,0.49765414338953196,0.5353912051661718,0.27207026773390003,-0.5620521834997488,-0.27225158349966266,-0.9826811513313292,-0.48118869338351306,-0.21984853555264738,-0.11297051004956028,0.9989379823633818,0.47541838758751176,0.44347017668006244,0.21563451731544397,-0.6460077539990365,-0.2963874623364811,-0.9576220437942221,-0.4454578247013564,-0.1168455019958689,-0.06056283626539691,0.8648780635851413,0.38994125473839275,0.8055056426866826,0.36704359146341387,-0.22260904051229763,-0.0934164782036455,-0.9831244148135955,-0.4345673617373849,-0.5609738269705005,-0.2509958858319674,0.5356991504834427,0.22906570923443223,0.9881525103201589,0.42739191756259537,0.2527700749424894,0.11215496113945718,-0.786726599752718,-0.33153610422798585,-0.6809003181677523,-0.2949129391645655,0.4031262454380876,0.16792632259723347,1.0,0.42119906312891425,0.3893926848216143,0.1649766892864083,-0.6917451213096806,-0.28451279054388606,-0.9373317194136772,-0.3845198321513408,-0.051542631850628635,-0.022033555074808732,0.8909150340493066,0.3465434420455524,-0.06728823948064479,-0.026968846289343068,-0.9437796166550027,-0.35919505058939105,-0.6754186513539172,-0.25213305936353464,0.4124332951792917,0.15471796246635955,1.0,0.36532749830697153,0.3742737769480241,0.13233061408414498,-0.7055390695045045,-0.2525724973784371,-0.9294930205554932,-0.323900734910218,-0.025162012964783056,-0.005347799116234273,0.9093859923702208,0.3095639807905957,0.7402679944518297,0.24426794988474382,-0.3279561493051123,-0.11097867154681004,-0.9975796229695508,-0.3214353339798397,-0.4557946735228069,-0.1406086603710438,0.6400437978798529,0.20183275492514746,0.769533012267817,0.2437696546966282,-0.28830828782787915,-0.09446255622922728,-0.9549564594346219,-0.2785676325382233,-0.09445148953235914,-0.02262458983271124,0.8817504385702126,0.2504014021830542,0.7758167412202289,0.21084781850432463,-0.7665500279557302,-0.20797271050628055,-0.888489254021044,-0.22974823811505204,0.08025509767027719,0.025949011820171317,0.9509055937978887,0.23930657125016877,0.6541863930131486,0.15523647233170954,-0.4449938575131529,-0.11142285740970825,-0.9979428071369533,-0.23154865293924626,-0.32645111832772683,-0.06794744859632847,0.745909271419758,0.1687864611535378,0.9032104935058343,0.19080258442068448,-0.047071878265962194,-0.01636385618946444,-0.9947108390820292,-0.17852586830682696,-0.2830092418623162,-0.04319904332490515,0.7767943285902504,0.13061929727415225,0.8801069639160171,0.13400976661235306,-0.09994103984192532,-0.018850844251930392,-0.9570605417952398,-0.13066725431231482,-0.6359961430220217,-0.07695199628408694,0.46858669529357927,0.05517913480357231,0.9959330059740747,0.10060598151119879,0.296249715346028,0.025173387954657067,-0.9950048372927722,-0.06710217504197055,0.0045170882307423955,0.000981973891404224,0.9282688290631165,-0.01775430422799723,0.6954805939852977,-0.03091013542189702,-0.4054171195280655,0.01762262580166945,-1.0,0.08194123032893522,-0.34285491350490926,0.051172336576528525,0.719150497763963,0.04489633939033235,-0.3785544383320647,-0.01802194355296808,-0.9999999999999999,-0.03260362268631542,-0.3618414769007365,-0.005775447501795337,0.7328397505418821,0.0003180276932005912,0.9030423949072982,-0.017307662974208576,-0.06787181880836977,-0.001600192512236051,-0.953311472169642,0.05101054312453977,-0.6313496816002868,0.0555438677015225,0.4913338183987969,-0.034224624580089756,0.7467899823180533,-0.18307061124342033,-0.35634900524651864,0.014295121581716464,-0.9999999999999999,0.240894055952814,-0.3514570110444279,0.1881679982514475,0.9940817010327333,-0.27529902553259794,0.4524226912307331,-0.2834441638519443,-0.6785373834638634,0.08377332992537626,-0.9246661595226485,0.39962857674944635,0.0388745123293968,0.2390080393746393,0.952154088268227,-0.255862987532048,0.6147131862962604,-0.4852654987167371,-0.9555217798774034,0.14782355979880024,-0.5964714785628533,0.6598969664645424,0.5596304232216117,0.38889994462975136,0.967488719863288,-0.3969372664877698,0.08002670486817275,-0.7570973935898533,-0.9145332245491608,-0.20216255349854947,-0.29326650923327025,0.7022815896690285,0.8066274550144364,0.23380571119693974,0.8232369658456268,-0.5714481723482326,-0.26700177962858207,-0.7286733079848596,-0.998001833681243,0.015078354566008792,-0.3868910749980741,0.8030645697783213,0.9279532532451436,0.34181140962541157,0.2521415140600707,-0.7264819334036814,-0.8250810694631074,-0.5518387242042375,-0.2590788924384406,0.5473809806225248,0.5828903117285474,0.985596915938293,0.5952834660861513,0.22953467179472847,-0.14938403307776424,-0.8051246915094117,-0.6213380917029312,-0.8610361216786225,0.05253881176748186,0.8011942429220112,0.6889888882044426,0.8641508836173104,0.37923877216753776,-0.12805213906157412,-0.013731835208275278,-0.6552917870229877
8,-0.8655244988999684,-1.0,-0.3878877686948214,-0.4108376844403683,0.6083592228990546,0.6619885035004797,0.939463294877266,0.9556397331965003,0.029241146652713986,0.010782170821903225,-0.9017258665213422,-0.8897539964486667,-0.7614200699864633,-0.7119831999402947,0.2844850675558349,0.27253225769619643,0.9918645782436157,0.8865533528823604,0.5180055785566637,0.44426460218793706,-0.573236022092691,-0.48996980294304177,-0.9812848450022348,-0.8124085931352861,-0.07975368963017974,-0.06322887435724299,0.9964370879124366,0.7722254269279742,0.3216557642073964,0.24696830322219407,-0.7379331406876657,-0.5526447808376198,-0.9149135879817064,-0.678657625483263,0.0010361268726766144,-0.0016997722261224073,0.9155952556857336,0.660764354766372,0.7375885423176538,0.5284797715960854,-0.32028626035687,-0.22510920482226385,-0.9961521442735907,-0.6974864107211411,-0.48516748529287906,-0.3368043572872423,0.603317272474681,0.41480618598758545,0.9737702377930347,0.6627497494711084,0.18578048933948257,0.12370348962993186,-0.8230623978336795,-0.5514712973381515,-0.8532971947797664,-0.5635660141344982,0.13035219512892385,0.08890295992946026,0.9590305608238888,0.6240808949856562,0.6486158936043716,0.41392032585909816,-0.4324841247467897,-0.27933384652677307,-1.0,-0.6296902537839884,-0.37920536253465087,-0.231938754172332,0.9737740426207243,0.597504121733408,0.6038902364693051,0.362269897253343,-0.48374376731426566,-0.292823134099632,-0.9963437617051516,-0.5886872015060575,-0.3241332378012248,-0.18655273843696157,0.7337281610128515,0.42472375917507293,0.9185584962642037,0.5225725618339239,-0.22343148828743503,-0.13007795101291816,-0.9825209680478159,-0.5569066442734011,-0.5662626180864574,-0.3164184185555642,0.5276255894338052,0.2915589034580767,0.9898995762070498,0.5407046551039719,0.26759063923962856,0.14594003700208102,-0.775300775477081,-0.4117757861647301,-0.8897305488395725,-0.47006703033954933,0.31802976840790975,0.15770990248094777,0.9964591963114224,0.5022612529142533,0.47513637974036893,0.24221221317335606,-0.6183792573478682,-0.30031172988210136,-0.967272016446266,-0.47411137463596653,-0.15124468198962135,-0.07989407938730977,1.0,0.47642052152410236,0.37986668409891267,0.18583829084768372,-0.6977255975749852,-0.3208928528126633,-0.9351764174422441,-0.43553594925784167,-0.047276836586465136,-0.02868008217969539,0.897857771906348,0.4053594294121016,0.7622045145912281,0.34787938393731677,-0.29008707828678476,-0.12368841061944484,-0.9935994766372099,-0.4396151834052381,-0.5018603800889625,-0.22522872834993685,0.5933303643972131,0.25436693332480775,0.9749871528786874,0.4220213919152794,0.1846586055535713,0.08306393365783969,-0.8279294103451983,-0.34921789413689386,-0.6281417606674857,-0.27248982914806225,0.4660175443334266,0.19476179189518736,0.997044602124366,0.42017564109816413,0.32418379059628516,0.13782574608739198,-0.7404788321476491,-0.30477321570261345,-0.9107378303214815,-0.37373170230605923,0.018256361554373407,0.006277596461520827,0.8570414003480002,0.3333153030529336,-0.1367594113466871,-0.053690332432453344,-0.9645554456094293,-0.3669936696564341,-0.6223291488468812,-0.23212648655773,0.4750078023923753,0.1778283351943919,0.9961245596261149,0.36374143163631356,0.30867560871669203,0.10863384845440799,-0.7532742251786873,-0.26937085494720325,-0.9014159055112694,-0.3138810244255318,0.04463698044021898,0.018682505868679634,0.9361949745009326,0.3184235257941315,0.6915195673549209,0.2278415901904865,-0.3930703527924769,-0.13221786930710858,-1.0,-0.3219459847393033,-0.39258046934849633,-0.1205017531232514,0.6921247047976641,0.2178129099036507,0.7231098850814914,0.22871153865049565,-0.35441770029502784,-0.11515686890690768,-0.9318688703138264,-0.2715112960313253,-0.024773188612082955,-0.0025887650294812285,0.9125082776401616,0.25876654171005925,0.7299006894602771,0.19793496513054168,-0.8094793170867536,-0.2191574799619604,-0.8543032844115621,-0.22049495518173426,0.14961190582281578,0.0436299733904662,0.970298339809106,0.24377213024408015,0.5998150340710251,0.14171117199495853,-0.5063812569215169,-0.1258490365731012,-0.9910237372303954,-0.22951008527041755,-0.25970869972004235,-0.052699410991962015,0.790604758670918,0.1782952268701387,0.8710185674140279,0.18349636057461916,-0.1166415422117009,-0.03080078919691588,-0.984784687117796,-0.17631743530119887,-0.21538802439361798,-0.031454912801764795,0.8188470285085058,0.137208357016099,0.8448417166465495,0.12825257156657635,-0.1691055625902317,-0.028870365667720197,-0.974978694042314,-0.13284255612512888,-0.5805862708436494,-0.06991271954250078,0.5291139362815379,0.061954860332597964,0.9870139264538796,0.09958787251741526,0.2288963434209274,0.019209165990149275,-0.9999382178884433,-0.06741866589165561,0.07429407483594037,0.0008958639433511138,0.9520551512206408,-0.01838798903049038,0.6436060514185985,-0.02905514009309005,-0.4682382732457684,0.021639591200009845,-0.9952509121846297,0.08235383426368142,-0.2764477882418374,0.04466321362317273,0.6689280906550078,0.04175119671498714,-0.442198111084102,-0.0210780152479193,-0.9969555363890429,-0.03251383345927258,-0.29592320808517525,-0.0046853636564254475,0.778536339986626,0.0002480090613616094,0.8708245413455625,-0.01686050178748213,-0.13734014753458879,0.0009666604782474183,-0.9721507921327879,0.05251032562788902,-0.5756978970741107,0.051777325313756825,0.5508968533472902,-0.04046690239684469,0.6985315704311712,-0.17632551132813223,-0.42067259491545783,0.030222529198757023,-0.9974306012590783,0.24614623452868167,-0.28527136824538285,0.1731078279898336,0.999475522656093,-0.28628102308008957,0.3891019777497043,-0.2684854715806192,-0.7281328326400417,0.1092498280610052,-0.8957835479659494,0.4036891006715653,0.10848411301798234,0.21309743269513606,0.9712777840343203,-0.282241876413581,0.5581952429294226,-0.47798164397341225,-0.9738180146737462,0.19082440987208435,-0.5390038029276915,0.6664948670822123,0.6160773434117504,0.34720660362832556,0.947419322447944,-0.43903885061542236,0.010277783792689493,-0.7468194114910766,-0.9405232225640003,-0.14768751550216325,-0.22585278912923773,0.6964005450081422,0.8458938009698089,0.1845416472078402,0.7815950569457105,-0.6058900359208244,-0.33359958964739217,-0.7036682501711554,-1.0,0.07324730795577389,-0.32161777058613567,0.8243420777009425,0.9228583544153366,0.27537971899716773,0.19222748673910467,-0.7726532667309365,-0.8232144230792371,-0.4923177111874998,-0.2067936254133379,0.6044340924743776,0.6137822713165747,0.9711693321553383,0.5675972775957031,0.16107568691895846,-0.19417864237235058,-0.8445389807734984,-0.6246468256589495,-0.8234232829808014,0.10477812096180414,0.8409954750196226,0.7002609254783336,0.8268781698957202,0.3394090384146369,-0.1969420824156239,-0.05938000682140299,-0.7064038942280803
9,-0.8644990961899256,-0.9974617998163019,-0.3299952216033085,-0.3462034438232325,0.6569357081652011,0.7126636837014061,0.9183001979282565,0.9327166994815226,-0.0396487336793388,-0.05901682258309882,-0.9297536631872683,-0.9161123204068529,-0.7143422561168612,-0.6666580991905284,0.35069044744732053,0.3330887725318723,0.9983642542675918,0.8917138576220719,0.4570580198717628,0.39105869847541,-0.6290096381286561,-0.5370497905607392,-0.9654208738628531,-0.7990584238446758,-0.010003431940048177,-0.007686949349391346,0.9880196344940695,0.7657860579243208,0.25481633893052574,0.19605151704037188,-0.7832494021424105,-0.5867973034504071,-0.8845267431502248,-0.6563052398283947,0.07083007237170608,0.04934627065348881,0.9414162722749884,0.6795722443457777,0.6886530921589029,0.49360217053887484,-0.38559298727603736,-0.2713361417401421,-1.0,-0.700247656692839,-0.42297739984799637,-0.29368139235446783,0.6574892290916575,0.45201564132606126,0.9554584400381828,0.6502159923697628,0.11678044804628653,0.07713707909937516,-0.8607107647716744,-0.5765015779981063,-0.8148392827250278,-0.5379295018166285,0.19921967233902124,0.13403759229619974,0.9764646681983767,0.6351441201218236,0.5939082265597754,0.37855279572748657,-0.4943276096873884,-0.3185544716796289,-0.9955315779535131,-0.6265537285222508,-0.3137341702789185,-0.19103809037804342,0.9873404717294326,0.6055075222371803,0.5468088094177523,0.32753907218790956,-0.5436309723475051,-0.3285166658335414,-0.9878334367554001,-0.5834197406170397,-0.25734393008716666,-0.14749293018535323,0.7793584120544795,0.4509212257593889,0.8887338408305689,0.505483418276254,-0.2908932184095069,-0.1687350648541998,-0.993195538035549,-0.5628644854527972,-0.5073851326615295,-0.2834455793325164,0.5856386076088956,0.3236350098375905,0.9775971071012186,0.5340474476766365,0.19970083054600316,0.10934025660979071,-0.81748127646194,-0.43439147939938144,-0.85570440449864,-0.45233109262630683,0.3833931359872982,0.19117999333579622,0.9999999999999999,0.5044213961019011,0.41256673763301266,0.21117412505731803,-0.6716936496134543,-0.3269087877037848,-0.9471504295269197,-0.46472423292870224,-0.08190397953900422,-0.04642841280120991,0.9961901181562663,0.4751015825694508,0.3144125192168985,0.15513667890731322,-0.7460441921746802,-0.34383488556597835,-0.9081747055880922,-0.42349218644946296,0.022522156818536893,0.0033423983834738316,0.9264632074151744,0.41880273369230175,0.715190002717215,0.3270203430213903,-0.35615184097531005,-0.15335774553182108,-0.999233821686918,-0.44252124408950483,-0.44030191988246103,-0.19836427914329874,0.6480709324169999,0.2784289072848995,0.9570717560337567,0.41459482046799434,0.11564749800021434,0.0535682270409986,-0.8650986320736506,-0.3651983295688263,-0.5723229596498363,-0.24873917607453083,0.526638452596693,0.2206484013204154,0.9892317031697551,0.4171051655798916,0.25739550553001145,0.1100033297076327,-0.7856050045480665,-0.3235488163901346,-0.8797069180670058,-0.36112278917452173,0.08796641180100559,0.03455816417891092,0.8189923470936987,0.31846328540857816,-0.2055643051076565,-0.08015024467288615,-0.9806320573896216,-0.3730043324549856,-0.5662077212829703,-0.21098901684268853,0.5352681193398204,0.20007234614859948,0.987396100527822,0.36038325327388415,0.24157360394765573,0.08440782963483734,-0.7973395045466602,-0.2848568647877305,-0.8689471827854044,-0.30233211714105457,0.11421850696340986,0.042621791562960254,0.9584429088218658,0.32573174338781913,0.6394021264371631,0.21030520917137766,-0.4562695570323304,-0.1528129148986367,-0.9975484775500977,-0.32088814702301427,-0.32745365258957154,-0.09980777344703662,0.740833649725833,0.23273190227958052,0.6731638392218002,0.2125391629780613,-0.418800425352282,-0.1352901488948017,-0.9042413097279931,-0.2631321837823825,0.04502580479291909,0.017459671976751173,0.9388204681064591,0.26587099665697467,0.6804286349106354,0.18405779250299587,-0.8484649043535064,-0.22927453620489838,-0.8159552350746933,-0.21016744299084644,0.21823981980912183,0.06109837411607231,0.9849638898428213,0.2470500559233313,0.5425214365761036,0.1274954690730053,-0.5653016177474256,-0.139662091880611,-0.9792764992934088,-0.22635336753642452,-0.19170100643314897,-0.03719462715456937,0.8314484990091456,0.1869353561636016,0.8345831264162608,0.17529616090482397,-0.18564294028855122,-0.0450876638554845,-0.9700607631481358,-0.17325000147414998,-0.1467174581208025,-0.019557537105291012,0.8569103880140831,0.1431289514347991,0.8054604854567723,0.1218705428840307,-0.23744622003602997,-0.03874923356401584,-0.9881468480965294,-0.13437066235778833,-0.5223478407140557,-0.06253283505890565,0.5870633873582798,0.068428748009764,0.9732862142982941,0.09808458141926481,0.16042781151926,0.013151358899836126,-1.0,-0.06740669977801712,0.14370910817655194,0.0008053894362179255,0.971203156381667,-0.01893208939878116,0.5885959248644419,-0.027058591042362,-0.5287782171633648,0.025551130685227904,-0.9856530619673677,0.08236521859607343,-0.2086938371428858,0.03793649598257537,0.615446733128798,0.03840264640606215,-0.5036874390885365,-0.024031396971337427,-0.9890540056184187,-0.03226564010389528,-0.22856323114591998,-0.0035724531902925905,0.8204399786411544,0.00017678215430545936,0.8343641181533682,-0.016331197930858778,-0.20613936886740242,0.003528803996049237,-0.9862538911569189,0.05375428310309872,-0.5172413702623395,0.04775852900170097,0.6077759742022335,-0.046512029532841,0.6468699829492963,-0.16872137124583192,-0.4829467099878299,0.046002695691499056,-0.9900018208901958,0.25019921339245865,-0.21769591201562485,0.15720429379099124,1.0,-0.2958682882600031,0.3238855985454732,-0.25221874507981856,-0.7741808918472539,0.13419407201607458,-0.8625367690074074,0.40578289187389904,0.1775651900127292,0.1861486367440211,0.9856695120690999,-0.30724571124408195,0.4989578284486224,-0.46836911070719595,-0.987369905990443,0.2328955826020743,-0.4789101549451386,0.6698456717032876,0.6695227967126649,0.3038217069551094,0.9227341933278909,-0.4790014815949084,-0.05952120961231232,-0.73290300028954,-0.961931085979572,-0.09249295877574833,-0.15733873693921144,0.6871267068939141,0.8810390373558038,0.13437851486360677,0.7361452954940152,-0.6373800641422632,-0.39857213599875385,-0.6752349913751026,-0.9971262668384057,0.13105940782397207,-0.2547775767248067,0.8416034738835807,0.9132673824482155,0.20760640605904393,0.13137694642538514,-0.8150603110095129,-0.817337158775349,-0.4303981757694598,-0.15350088063204395,0.6585424621851977,0.6416839453759258,0.9520103090077225,0.5371458122234877,0.0918319574877909,-0.2380272328400676,-0.8798387610160181,-0.6249123430696367,-0.7817988088185167,0.15650696168306036,0.876699461699508,0.7081213619132762,0.785576988847901,0.2979257379438572,-0.2648725437406934,-0.1047388850101541,-0.7540744726679642
10,-0.8592619407823906,-0.9900640660084081,-0.2704949709631472,-0.27988253482803843,0.7023116686961131,0.7598668380720435,0.8926632347221536,0.9052495637630258,-0.10834544936638284,-0.12852829196082624,-0.9532517934646569,-0.9380074372273053,-0.6637842385808903,-0.618085107193744,0.4151872987301234,0.3920225123497392,1.0,0.8925300220822121,0.3938837204573584,0.33594759609299407,-0.6817187824354861,-0.5815133255828809,-0.9448534692697786,-0.7818153222341663,0.05979556146495385,0.047892425703001076,0.9747886487318338,0.7556158562230052,0.18673547406443447,0.1441795875745586,-0.8247497512418721,-0.618091008585442,-0.8498305729384326,-0.6307554010166538,0.1402789408779546,0.1001519034627447,0.962650803416552,0.6950693262610939,0.6363625933583206,0.45631978932351563,-0.44902114392086734,-0.31624115625007715,-0.998975956246058,-0.6995973664697777,-0.35872661102859377,-0.24912764119889394,0.7084579642750856,0.48702292189644997,0.9324917448058114,0.6345144483130746,0.047211464148938335,0.030194864473238228,-0.8941658353820454,-0.5987232009197903,-0.7724115555922112,-0.5096722510383925,0.26711657133097433,0.17851920698668378,0.9891415378632874,0.6431129869492213,0.536307098334826,0.34134099442708443,-0.553762780203228,-0.3562231314674452,-0.9862130261297208,-0.6203646964761135,-0.2467344966820356,-0.1492067082105137,0.9960966773069921,0.6105609509580164,0.48706338481174566,0.291212509686889,-0.6008696619290615,-0.36260969739388954,-0.9745104865984464,-0.575309917396883,-0.18930086861384618,-0.10771455120381988,0.8211917072534116,0.4749218494582482,0.854579363459621,0.48593161031575766,-0.35693774601197165,-0.2065701184207012,-0.9990313591976395,-0.5660801074380076,-0.44603571787244983,-0.24909182173881053,0.6407984533559025,0.354134398980853,0.960531883157308,0.5247884147664817,0.13083809947981465,0.07220778147814162,-0.8556790908408067,-0.454890861011278,-0.8175093543140961,-0.43239144329795093,0.4468886507466997,0.2237186744804584,0.9986689042082258,0.5041240489520018,0.3479871118509718,0.17910721783114955,-0.7217356179365328,-0.35191317877253103,-0.9224144209221468,-0.453073001472526,-0.012164249133032249,-0.012736551654910307,0.9875268981935562,0.47146799646156506,0.24742656814589578,0.12367925666159073,-0.7907281344621998,-0.36510178931897785,-0.8767484578577173,-0.4093852122779884,0.0922114245394383,0.03534859511769466,0.95055500730523,0.43020567315185665,0.6646911570406114,0.3045680918662336,-0.4204814676948615,-0.18227993692343364,-0.9999999999999999,-0.4432713857546473,-0.3765983529812855,-0.17053341910818137,0.6996541639979132,0.30113440359627575,0.934493601797946,0.40514838473031495,0.04607296746144599,0.02381154140667351,-0.8980531802260503,-0.3793995554487076,-0.5137158587024762,-0.22377669073833947,0.5846936312564204,0.24546003391391008,0.9765993667945241,0.4120025956221785,0.18935321543410152,0.08164498816303459,-0.8269037883350643,-0.34074811976721636,-0.844390162135538,-0.34675452211406205,0.15724789853169602,0.0626703679941959,0.7769532454491795,0.30205974664952945,-0.2733677102373931,-0.10621967297794704,-0.9919311283590011,-0.3771977556400809,-0.5073277866159699,-0.1888236298461318,0.5929206638148051,0.22134162474357247,0.9738571468804664,0.3552693239271025,0.17329467686308017,0.0597705843539311,-0.8375202259967686,-0.2989550806167239,-0.8322450367312744,-0.2893102781721843,0.18324357240187913,0.06635342817307364,0.9760214056333629,0.3314530286701617,0.5841695826318803,0.19174424231299156,-0.5172458618543778,-0.17266347132947912,-0.9902369991907936,-0.31826697450999286,-0.26073151455075555,-0.07862754033122993,0.7859333275808759,0.24651704822173326,0.619938206803613,0.1953313178679598,-0.48114279683489136,-0.15476430887659845,-0.8722083763751837,-0.25347111798400673,0.11460543700294809,0.03742304721615243,0.9605588196220453,0.2716801548334365,0.6276416004481566,0.16928390881180008,-0.8833168558936433,-0.2382745899540419,-0.7736319338520736,-0.19881601614366476,0.28580449133070773,0.078269109704572,0.9948307948134465,0.24912437856350866,0.48258472917624784,0.11265862104152809,-0.6214678859155888,-0.15279472751526282,-0.9627583246883942,-0.22209387894875493,-0.1227593651126311,-0.02150863483247012,0.8682415058371116,0.19466475519251192,0.794081680318596,0.16624193595980893,-0.25373990462107887,-0.059154875947945315,-0.9506108006505846,-0.16933851105494827,-0.0773320991400107,-0.007564879053957159,0.890798966245587,0.14835223598938077,0.7621551317464547,0.11489477316693818,-0.3046300633658233,-0.048439319089446944,-0.9965008500349923,-0.1352441282303324,-0.4615645844107235,-0.054848296888682035,0.6421527246232174,0.07456925770506016,0.9548167495410353,0.09610343209986735,0.09117769144601777,0.007029479710932909,-0.9951898826312053,-0.0670663349987579,0.2124240051877164,0.0007109911527089466,0.9856195573898018,-0.019383954530568053,0.5307182181298014,-0.02493021525599562,-0.5867420067595418,0.0293381876301382,-0.9712532091096999,0.08197532786278819,-0.13992315064720612,0.031024955546914236,0.558966980983274,0.034867002264067325,-0.5627228525202158,-0.026867700144338695,-0.9763339031517824,-0.0318602517932626,-0.1600897171196174,-0.002442138091318338,0.8583465161900811,0.00010469398236361132,0.7938387568475185,-0.015722330119522572,-0.27393429991615104,0.0060737555354964425,-0.9955520603612278,0.05473635511439173,-0.456264895487571,0.043507057937019485,0.6616940716042907,-0.052330554736326314,0.5920569099336358,-0.16029523760263484,-0.5428679572347752,0.06155874167500729,-0.9777498511645714,0.2530332468385245,-0.14905986318524245,0.14053487607491913,0.9956525778635559,-0.30401411288009,0.25709128126199515,-0.23472323420592878,-0.8164572195697772,0.15848453594142292,-0.8250877976121542,0.40589974961617675,0.24578118725052447,0.15829294334628483,0.9952591573202316,-0.33075267585363255,0.43728954158268596,-0.4564747302139126,-0.9961114303752302,0.273832111464209,-0.4164833048275743,0.6699330555444757,0.7197064022481917,0.258956621465658,0.893553595970861,-0.5166304655051247,-0.12903022166713402,-0.715415959341745,-0.9786525178372257,-0.03684778565153627,-0.08805814623845097,0.6745052565334337,0.9118919401135356,0.08356070390263769,0.6871091081597392,-0.6657648407604209,-0.4616028789678606,-0.6435120555754542,-0.9893946347355564,0.1882329994312975,-0.18669613211982788,0.8547646625391432,0.8992270635951227,0.1388216555791217,0.06988635083464541,-0.8534964633824274,-0.8074779099923513,-0.3663817837025443,-0.0994602949901652,0.7094424792167084,0.66645939975525,0.9282131873303626,0.5040774264478275,0.022140831990658916,-0.28071617855580155,-0.9108520552559508,-0.6221333503608577,-0.7363654894458097,0.20747331621902151,0.9081322567275151,0.7125319022530879,0.7404485556763375,0.2549909732252054,-0.33151257265755335,-0.14958748587945164,-0.7980712760763112
11,-0.8498385475720721,-0.9778428395918136,-0.2096768960145129,-0.2121980662568545,0.7442660373732596,0.8033679975891402,0.8626773059666789,0.8733721431652433,-0.1765143169149603,-0.1974135844197393,-0.9721057768248211,-0.9553326761017639,-0.6099923309579116,-0.5665008666844084,0.47766139922799433,0.4490463578934033,0.9967638462520568,0.888997869991572,0.32879045914993876,0.279199790791747,-0.7311066613604226,-0.6231437861362976,-0.9196828335507604,-0.7607632949615332,0.12930323690512743,0.10323847367149828,0.9568085906583889,0.7417643700244119,0.11774485273928564,0.09160522965096354,-0.862232002456838,-0.6463734364569402,-0.8109941135999547,-0.602132585294471,0.20904438448503548,0.15046960626556427,0.9791953966091904,0.7071801002869899,0.5809717999698407,0.4168142639636775,-0.5102617146879628,-0.3596054756352105,-0.993085002049997,-0.6955387082005569,-0.29272814221933263,-0.20336016521762196,0.7559751634705111,0.5196574757467319,0.9049820435264885,0.6157216136453743,-0.022587529256063693,-0.016894456497435154,-0.9232646199236705,-0.6180279045900388,-0.7262207170030877,-0.4789319282851732,0.3337121052378668,0.22213109404541667,0.9969994093838878,0.6479486719496937,0.47609313583619056,0.3024662141133105,-0.6105000741179577,-0.39215630796617607,-0.9720897435764113,-0.6111533099875857,-0.1785327574189828,-0.10664840595878929,0.9999999999999999,0.6126397880991574,0.4249450363543766,0.25346718911125315,-0.6551809749169071,-0.39493613095793384,-0.9564398193082366,-0.5643972420891195,-0.12033555233709489,-0.06741139775624985,0.859024239000507,0.49660870164552423,0.8162614613319151,0.4640123923954776,-0.4212433087951232,-0.24339878313461258,-0.9999999999999999,-0.5665378440419535,-0.3825132619012492,-0.21352451382821558,0.6928363934509948,0.3829084809297453,0.9387870444309822,0.5129726654511318,0.06133793834476029,0.034723517293431844,-0.8897081227016588,-0.4731740600737974,-0.7753314807310869,-0.41034522632168324,0.5082069689207533,0.2551674207311751,0.9924723939009966,0.5013706601099807,0.2817121278395355,0.14616771824350228,-0.7682613628776355,-0.3752030842084872,-0.8931845019794142,-0.4392144438959146,0.057634744271969796,0.021017360690779183,0.9740525464487036,0.46553746566671567,0.17923517970611788,0.09161928150960835,-0.8315597287623339,-0.3845899538543194,-0.8410507797711064,-0.3932837545035533,0.16145144746904352,0.06718257704973045,0.9700157987491498,0.43951269381593894,0.6109540028614274,0.2806320155825825,-0.4827625509704524,-0.21031407878506972,-0.9958942788327303,-0.44186195378587706,-0.31106003675991933,-0.14187173739712905,0.7478287508208195,0.32237280336325524,0.9073626886691442,0.39372810678760234,-0.023726025943556037,-0.006061151663857883,-0.9266325035563787,-0.39175238483155245,-0.45260598573005456,-0.1977239878588246,0.6399002413178647,0.2690758098957319,0.9592091364716954,0.40489279043295007,0.12038841550631535,0.05288888044303133,-0.8641739799853718,-0.35628733255667305,-0.8049596222119483,-0.33069690187750506,0.22576328930724357,0.09047724807621722,0.731128905691899,0.28418460316774385,-0.33983929536167906,-0.1317716097134235,-0.9983976105795839,-0.37955350927548354,-0.4459762019689873,-0.16573831310544906,0.647684558415861,0.24153254919197756,0.9555736591052872,0.34842455814569545,0.10417147553234796,0.03484214279417072,-0.8736206330930592,-0.31159681734381206,-0.7914882765151684,-0.27487894860942674,0.25137589357518597,0.0897617975509511,0.9888448242659431,0.33555950811436513,0.5260910233405363,0.17224911678012042,-0.575702196830843,-0.1916728286840758,-0.9781011857097072,-0.3140952372892432,-0.19273911878168853,-0.057064241742542196,0.8272040172656864,0.2591011878847567,0.5636922977578492,0.17717183821184104,-0.5411410889756255,-0.17348447270240225,-0.8359261314867538,-0.24257516637764048,0.18362672304399696,0.057204101131268635,0.9776174251234678,0.27616571460474343,0.5717967591986071,0.15368529093323216,-0.913865376502566,-0.24611379385220739,-0.7275395756129367,-0.18649597765074716,0.35197675209949747,0.09505852605817441,0.9998509841517823,0.24998499227321963,0.42029691748509246,0.09727291153274154,-0.6746064250133043,-0.16518296259633256,-0.9415496883016262,-0.2167523713076457,-0.053219652505012725,-0.005717854603507888,0.9008045273239701,0.2014457671017569,0.7497115480952304,0.1563777970133787,-0.3206006736441384,-0.07293389143101504,-0.9265295578873274,-0.16460202043173447,-0.007569985945603318,0.004464634327708742,0.9203476614563411,0.15285276336253678,0.7151366348458342,0.10735924766415854,-0.37032977964820546,-0.057893413121377614,-1.0,-0.13545869830483054,-0.3985326318484521,-0.046896543329348284,0.6941135583627569,0.08034647347249284,0.9316955135578566,0.09365407651956256,0.021483362825200022,0.0008733536034788598,-0.9855313001903686,-0.06639922977686916,0.2801039937983926,0.0006131289917725505,0.995234118988465,-0.019741382984350322,0.4702549055840409,-0.0226803819668785,-0.6418472482778862,0.03298231187397877,-0.9521215082472808,0.0811860615722866,-0.0704707726265983,0.02396226464644607,0.49976399789356407,0.03116148959186079,-0.61901673677912,-0.029573106582968522,-0.9588572000497314,-0.03129964353847447,-0.09083626208367013,-0.0012999251410460732,0.89207127579282,3.209575186349188e-05,0.7494458929147003,-0.015036864696247154,-0.34039465059148777,0.008589116348506448,-0.9999999999999999,0.05545175710564662,-0.39306554400557386,0.039043624859382904,0.7123884620027474,-0.05789413073738522,0.534359395166131,-0.15108816167465863,-0.600144406362969,0.07681487965693758,-0.9607343824471446,0.25463452774080614,-0.07969760968486653,0.12318078656912679,0.9864544364504075,-0.31067881130161706,0.18904444109893362,-0.21608417532928467,-0.8547558497885498,0.18200287913847452,-0.7836190814044702,0.4040391045792246,0.3127997632498738,0.1296660626401165,0.9999999999999999,-0.3526482466735664,0.3734908240263496,-0.4423564507197064,-1.0,0.3134345578047977,-0.3520273899136447,0.6667565928804865,0.7663836705365997,0.21282992534665565,0.8600196953139545,-0.5517424777189118,-0.19791061145206618,-0.6944434837533975,-0.9906060530017837,0.0189769061804422,-0.01834854510079069,0.6585976843641539,0.9383021970020915,0.032335793591748825,0.6347253943184751,-0.6909060779968416,-0.5223847391107947,-0.6086539937266481,-0.9768427714258764,0.24448953878650856,-0.11770512272578998,0.8637615236794585,0.880805800878183,0.06936057994752376,0.008055275967590718,-0.8877744667789071,-0.7936847099992665,-0.30058041641399824,-0.044935148788808305,0.7568861638023838,0.6879879309312312,0.8998939043079925,0.46855322612019923,-0.04765816141434313,-0.3220375032671034,-0.9374277698412049,-0.6163233865057464,-0.6873446714277228,0.2574288816135084,0.9351407226858811,0.7134710587885789,0.6917127315711474,0.2108139181166034,-0.3965375056439531,-0.19370731155402615,-0.8381799564494586
12,-0.8362748263834544,-0.9608576611531461,-0.14783729630514372,-0.14347979003694392,0.7825944167296841,0.8429552289762524,0.828488500092554,0.8372397412770207,-0.24382322445468527,-0.26533709773930353,-0.9862237585560257,-0.9680036302079597,-0.5532286020147207,-0.5121566908970556,0.5378083814031823,0.5038824947193928,0.988671559239525,0.8811346096400864,0.2620953637754419,0.22109175217482735,-0.776932662121796,-0.6617383528018529,-0.8900315955128779,-0.7360049053875066,0.19818095997261517,0.15808155417376302,0.9341670573093194,0.7242990823769533,0.04818059032726202,0.03858458025663448,-0.8955135460270922,-0.67150679791925,-0.7682065724608612,-0.57057624014289,0.27679138486397337,0.20005423627181118,0.990969448257926,0.7158455639497828,0.5227505703709888,0.3752780614078312,-0.5690163416724265,-0.4012178332904661,-0.9823558375485039,-0.6880914552602893,-0.225303531326109,-0.15660193895310087,0.7998093276598659,0.5497603106109628,0.8730633606995815,0.5939290451681138,-0.0922764784890207,-0.06390146937427786,-0.9478653520432624,-0.6343216384330722,-0.676491804080176,-0.4458582973194175,0.39868182731266383,0.2646607807424997,1.0,0.6496276161519999,0.41355969543647564,0.2621178488081739,-0.6642630730388375,-0.4261789383519099,-0.953230537506517,-0.5989644460057143,-0.10946122450783467,-0.06357052339349285,0.9990314232126561,0.6117339057750153,0.3607563983952144,0.21448700186869987,-0.7063003120535187,-0.4253384753907924,-0.9337094733593516,-0.55073488015091,-0.05078397334544472,-0.026779822754981367,0.8926716910040061,0.5158761261573155,0.7739668154149153,0.43983255274180943,-0.4834966165210541,-0.2790416334434524,-0.9960967413220089,-0.5642354652179119,-0.3171272397681643,-0.17691693594965863,0.7414989042808644,0.40981707124937383,0.9124685295907323,0.4986577648735363,-0.00846105506024175,-0.002929916377135784,-0.9194025860218561,-0.48915200267892717,-0.7293762701100037,-0.3862998486505349,0.567049353827011,0.28537301695742895,0.9814406578536579,0.49617464380950616,0.2140646706588687,0.11251610422530033,-0.8110442156841604,-0.3966650379334612,-0.8596030779256302,-0.4232160776983234,0.12715294699630303,0.0546688785678409,0.9558327086089724,0.4573388831348004,0.11017057548746884,0.059112946427649575,-0.8683400476520297,-0.40220443479332907,-0.8012555868275795,-0.3752662578099211,0.22990489517562235,0.09868925221954979,0.9847507707272108,0.4466784528154114,0.5542403421931841,0.2553287283280443,-0.5426916636248378,-0.23732359159556293,-0.9869366608459307,-0.43829981479407026,-0.2440062673071044,-0.11251887084237505,0.7923599911412098,0.34204063523704936,0.8758111957289249,0.38038962508603147,-0.09340942853509286,-0.03590431541274704,-0.9506973664741538,-0.40219663597430994,-0.3892910618909507,-0.17070799358560795,0.6919893217261558,0.29138067557914754,0.9371457356553416,0.39581038826841325,0.05083709531958338,0.023875103413881306,-0.8972340028716553,-0.37009074927579105,-0.7616073999232001,-0.3130281595765375,0.29317878403093267,0.11784333210035236,0.6817425793989083,0.2649249408654614,-0.40465521759948964,-0.15668156841201217,-0.9999999999999998,-0.3800601163662813,-0.38245186609538284,-0.14184553596327415,0.6992929989533387,0.2605467513394858,0.9326347125168756,0.33988230294051663,0.03454076124410199,0.009743953817037007,-0.9054648482809595,-0.32272048569840384,-0.7468754649760034,-0.2591084364397792,0.31828353666321096,0.11273285647398465,0.9968506903130336,0.33803117536535915,0.46544940146596164,0.15191481086471717,-0.6313537685737308,-0.209748375284209,-0.9612001615702302,-0.3083932596451631,-0.12380771739998557,-0.03522293190416231,0.8644446521286355,0.270423012605166,0.5047001364995608,0.15814919516920506,-0.598502996126183,-0.1913594376157982,-0.7955713385127213,-0.23049741294425283,0.25175339814846914,0.07670646241580896,0.9899131767994487,0.27930582277457666,0.5131661816150512,0.13733793376562897,-0.9399616368585948,-0.252753956085997,-0.6779027176934361,-0.17326734950122524,0.41643421751263787,0.11138482682807103,1.0,0.24962770422897904,0.3559614614600481,0.08141329817680634,-0.724458349419556,-0.17676644288776636,-0.9157539164776963,-0.21035486790139776,0.016579340899989317,0.010100782438326303,0.9289789197022605,0.20724535548294,0.7016888965702864,0.14575180115894043,-0.38589950841187093,-0.08635758032632201,-0.8979343562524684,-0.15906360531071448,0.06222900745939873,0.01647239645971352,0.9454125153735033,0.15660860743729657,0.6646340641455281,0.09930067869847296,-0.4342252864695608,-0.06706545626400648,-0.9986272504846562,-0.13501332721744824,-0.3335590683641752,-0.038716314524938,0.742692740618004,0.08573224929756677,0.9040351506863298,0.09074844769252931,-0.048315630579802024,-0.005287027394942143,-0.9710713083202641,-0.06540863418193474,0.3464193439072381,0.0005122797280197491,1.0,-0.020002633404629714,0.4075005584081328,-0.020320052136642775,-0.693825474520881,0.03646574960973967,-0.9283511671036004,0.08000126495059919,-0.0006750680854509752,0.016782832001298837,0.4381262148422178,0.02730416127470468,-0.6722948337197812,-0.03213443581900447,-0.936709041053027,-0.030586546566596054,-0.02114026190968036,-0.00015137908615462162,0.9214499538105873,-4.065884591345464e-05,0.7014018039256396,-0.014278141179671952,-0.40519663274549356,0.01106263185004155,-0.9995760401584206,0.05589700371027392,-0.327951216703992,0.03438997516608296,0.7596121674233645,-0.06317565235298911,0.47405853513899543,-0.1411449994103324,-0.654497012269667,0.09169678326658434,-0.9390383123911176,0.2549952548197078,-0.009947077441281708,0.10522657265325856,0.972450388180926,-0.3158299137838073,0.12007659542151887,-0.1963923760711413,-0.88889019542691,0.2046345226032289,-0.738332651801298,0.4002100216386312,0.3782944102451919,0.1004074619107525,0.9998689431994165,-0.3728257506837845,0.3078724967185232,-0.4260830550631087,-0.9990166701444184,0.35150998248609294,-0.28585643294172525,0.6603317591181218,0.8093271946187708,0.16566634322495252,0.8222958651503558,-0.5841664560422123,-0.265826800631909,-0.6700877493174184,-0.997733455051489,0.0747091444330622,0.051450448304211346,0.6394814904786593,0.9601411399046603,-0.019046653455137737,0.5792493621584649,-0.7126812902708977,-0.5806215933147117,-0.570830630802091,-0.9595318283257015,0.29955494968475427,-0.04814066580550956,0.8685502255014124,0.8580933408376544,-0.0004384134574791705,-0.053815043394264565,-0.9177273222120172,-0.7760247578799734,-0.23331465155092088,0.009808916940582318,0.8006423750799454,0.7061646540640205,0.867190428640853,0.4307462815737189,-0.11722496904751613,-0.3617898936335845,-0.9594364305617026,-0.6075107570641892,-0.6349751792620849,0.30613027937343495,0.957593277043338,0.7109342560435117,0.6396069525684634,0.16560979878987817,-0.45963054776266643,-0.23688341467810026,-0.8742051083283389
13,-0.8186368583027483,-0.9391912807744147,-0.08527744814872898,-0.07406249470250965,0.8171100747539173,0.8784356672213547,0.7902633815253511,0.7970283915283408,-0.3099442497538915,-0.3319679153902731,-0.995536957270411,-0.975958567931167,-0.49376959893285866,-0.45531733919346157,0.5953352152044837,0.5562637666812007,0.9757625637712958,0.8689785500417754,0.19412336613436518,0.16190657676537717,-0.8189735250503102,-0.697108996730264,-0.85604421300732,-0.7076607738973865,0.26609316532419675,0.21215447723439546,0.9069743559591832,0.7033050824064426,-0.021618403077739785,-0.014624049334196473,-0.9244322376178095,-0.6933686457617249,-0.7216764061205931,-0.5362401049034561,0.3431898854388267,0.24866422214832334,0.9979155963666498,0.721023499981557,0.46198255253999304,0.3319135418596247,-0.6249987782375849,-0.4408754979922053,-0.9668407341525379,-0.6772918899167051,-0.15678126427569622,-0.10908076378357212,0.8397469012014143,0.57718476850361,0.8368912009393682,0.5692429140843333,-0.16151586599437812,-0.11059716071568218,-0.9678481794467916,-0.6475250210154477,-0.6234670910885042,-0.4106124895466409,0.46170921160015077,0.305901066719414,0.9981286911357607,0.6481416399087533,0.3490114337714694,0.22049247169163785,-0.7147898490393625,-0.45812526778935025,-0.9297272880762895,-0.5838574874505987,-0.039856407513888234,-0.020182931628311068,0.9931956657537079,0.6078477173532145,0.29481019152617727,0.17446185551320048,-0.7539786250668642,-0.4536686135264208,-0.9064301887124077,-0.5343893932362819,0.01901502005955733,0.013982220850851022,0.9219701362599786,0.5326302540381551,0.7279014809720862,0.41350989310299663,-0.5433943773322044,-0.31332502096332265,-0.9873405994475914,-0.5591841879240792,-0.25019620560044753,-0.13944743654278316,0.7865489069842869,0.43472907399254407,0.8817045597953321,0.4819134537903801,-0.07821882705549235,-0.04056907578962817,-0.9446178123609796,-0.5027468458963928,-0.6798676116175912,-0.3603724569474861,0.6231291312810252,0.31418830453066077,0.9656274415753261,0.4885613145196926,0.14537431192045755,0.0783163230573924,-0.8498757425977517,-0.41619447946625404,-0.8218337540831919,-0.40515584531171783,0.1960516733442398,0.08805405516381572,0.9329561498928662,0.4469121915357964,0.04056923129935238,0.02631861901270705,-0.9008899011148009,-0.4178594161554745,-0.7575567572069581,-0.3554205016298713,0.29723826934286474,0.12971512327276438,0.9946881359370902,0.45166803929272814,0.49482647828982,0.2287815051746459,-0.5999768370452181,-0.2631768877234859,-0.9731707866540157,-0.4326023231623302,-0.17576372384739347,-0.08261782365923363,0.833030933232508,0.360042079517773,0.8399928386793476,0.36519792336767315,-0.16263774978028941,-0.06557255694603521,-0.9701305273862322,-0.4106814255352653,-0.3240795511297147,-0.14286032712714974,0.7407070997175204,0.3122659639006252,0.9105166550164351,0.38479963767895403,-0.01896189808541866,-0.0052549907191841525,-0.9259227918855947,-0.38209112106582976,-0.7145447029385341,-0.29383437554759373,0.35916594118905143,0.1446352952560642,0.6290348717876105,0.24437459088144445,-0.46749970029295557,-0.18082819025887345,-0.9967304899400644,-0.3787151087736519,-0.31706426317408887,-0.11726170162814896,0.7474945542926023,0.2782915959045364,0.905152063357195,0.3296841753202613,-0.03525823216089982,-0.015401706723634416,-0.9328977297450433,-0.3322718922864227,-0.6986239512471347,-0.24207557401328605,0.3836405343543621,0.13515469225214402,1.0,0.3388559887087481,0.40254015689425526,0.13084039126120448,-0.6839294482195859,-0.2268020488837904,-0.9396162668630855,-0.3011888210396739,-0.054273137264218105,-0.013210019482142094,0.8974737995400867,0.2804273635909891,0.4432491269085268,0.1383560651448062,-0.6529490568409244,-0.20830211858451345,-0.7513406019480064,-0.2172966992845198,0.31865355600332507,0.09583511752596657,0.9973861709837871,0.2810851810515752,0.4520355099779513,0.1203214799898805,-0.9614784986044617,-0.25816272645247434,-0.624963185875876,-0.15919458024170638,0.4788628572778778,0.12716847191802494,0.9952771163678663,0.24805425510222387,0.2898917969758916,0.06515704741578997,-0.7707807855697343,-0.18748873483795161,-0.8854966836239487,-0.2029325367235316,0.08629756142267613,0.025870209483447665,0.9526274201643962,0.21203526532444034,0.6502476872747728,0.13441571718017564,-0.44931827956510345,-0.09936054377091279,-0.8649645086939937,-0.1527502482936384,0.13172482739529656,0.028399906731966077,0.9658714145482998,0.159601470118864,0.6108934630934874,0.09075832680783774,-0.4960052913434096,-0.07591076324511319,-0.9923892893866114,-0.13391018477135475,-0.26696043862806823,-0.030347463727912537,0.7876535984961733,0.09070034622183856,0.8719704194339545,0.0874007015503401,-0.11787923508928926,-0.011421650527345121,-0.95188035464777,-0.06409937429611885,0.4110469737945181,0.0004089346889262138,0.9998939815311837,-0.020166433005619426,0.3427609094734735,-0.017860725054961828,-0.7424234527951027,0.039771529878926334,-0.9000579923913243,0.07842671020777148,0.06912392531955106,0.009521635085645654,0.37435392491245345,0.023313809828422898,-0.7222975778093995,-0.03453920931387236,-0.9099973297659757,-0.02972443501439408,0.04865873149532169,0.0009979044724279737,0.9463394202772148,-0.00011321535788012187,0.6499405558525158,-0.013449855994503119,-0.4680245376349863,0.013482251321215052,-0.9942822463262216,0.056069925731571935,-0.26123914404016935,0.02956878097064197,0.803135118720243,-0.06814938854072361,0.41144810958085987,-0.13051419289672478,-0.705660974522397,0.10613194936548438,-0.9127673420689222,0.2541136706491612,0.059851915963720324,0.08675970545276225,0.9537086593705982,-0.319442324673155,0.050523748641267636,-0.17574377289807241,-0.9186939573840802,0.2262692072436506,-0.6894491397354885,0.3944311557015851,0.4419460448998166,0.0706596861198821,0.9948666254140404,-0.39118688511298505,0.24075424555391922,-0.40773382559196253,-0.9931662314926978,0.3878728858663759,-0.21829281216270188,0.65068985540165,0.8483277579620442,0.11769565133178118,0.7805658921886359,-0.6137444341118828,-0.33244790835988963,-0.6424674147237498,-0.9999999999999999,0.13007740724374128,0.12099878029685625,0.617249807052008,0.9773023716866636,-0.07033630712095247,0.5209512853319611,-0.7309843909372268,-0.6360297174798779,-0.5302262384239603,-0.937546142609726,0.35316095897929406,0.021658327599492485,0.8691074379310865,0.8312003362958056,-0.07023527095618465,-0.11542318127417206,-0.9432091023809382,-0.754584091146025,-0.1649122011581951,0.0645051946126273,0.8404979371864073,0.7209010139856328,0.8302620883750522,0.39084078444187637,-0.1862206684149023,-0.39977968000527575,-0.9767708134347164,-0.595738396280983,-0.5795121518505647,0.35334024118436225,0.9753805332119794,0.7049338530658623,0.5843850727859319,0.11959884517048748,-0.5204843160545809,-0.2789054456173003,-0.9059712207942334
14,-0.7970105737374803,-0.912949254882928,-0.022302136836992732,-0.004284374338622462,0.8476448546295665,0.9096364551957989,0.7481881792003541,0.7529339995731488,-0.3745552578237839,-0.39698141872675996,-0.9999999999999999,-0.9791587336144258,-0.4319049999985429,-0.39625972718165736,0.6499616356801945,0.6059349774871754,0.9580997511756831,0.8525889142970796,0.12520561896669416,0.10193260878871824,-0.85702443128771,-0.7290833956997568,-0.8178862691452538,-0.6758689902506504,0.33270899152191025,0.2651938050076354,0.8753629667155576,0.6788846507704283,-0.09131207379602137,-0.06776143202667484,-0.9488471882704562,-0.7118524712592214,-0.6716303048723641,-0.49929146177559847,0.4079163993891487,0.29606274093016777,1.0,0.7226886819984498,0.39896380215134636,0.2869319728993107,-0.6779362835798269,-0.4783852615843765,-0.9466152798862714,-0.6631926265665894,-0.0874951746653299,-0.06102815809765104,0.8755933122513728,0.6017972402225178,0.7966417913721882,0.5417834887432318,-0.22996836443612906,-0.15675403380726743,-0.9831157478078149,-0.6575737267844237,-0.567404909099742,-0.3733662189994162,0.5224871950195686,0.3456510334483385,0.9913945996198533,0.643497982746841,0.28276282348363546,0.17779287741684616,-0.7618342407457923,-0.4878396569727119,-0.9016945007544144,-0.5659060339057731,0.02994258589111292,0.023302989350982645,0.9825211588468867,0.6010001559531079,0.2274276990382413,0.13358674853448504,-0.7979836300085508,-0.4797885237795582,-0.8747348673001009,-0.5154404149144405,0.08872137419821233,0.05467614448218599,0.9467768356882063,0.5467894608611268,0.6782898836823625,0.38517265483085555,-0.6006447753588037,-0.3460819204763805,-0.9737742334197954,-0.5514086214756785,-0.18204624066868097,-0.10129856324227904,0.8277669224765013,0.45752312038603565,0.846645014013242,0.4628213088021283,-0.1475955247878576,-0.07801058674286272,-0.965230955670931,-0.5138923570165872,-0.6270467064614305,-0.33268936685870115,0.676173086244159,0.3414728982663172,0.9451097854661703,0.4785677636155508,0.07597570414734449,0.04373499263587725,-0.8845667603226173,-0.4336962633308097,-0.7800605388013002,-0.38512173437287617,0.2639952556466879,0.1210102412541951,0.9055343225949066,0.4343081886630864,-0.029229762105649662,-0.006603930068526224,-0.9290507095364772,-0.43147862844519175,-0.7101671872145638,-0.3338431724926252,0.3631235285401551,0.1601090352843119,0.9997794805343858,0.4544571444841232,0.4330018695240116,0.2011196815250731,-0.6543389836249749,-0.28774801250886833,-0.9546637222123078,-0.42479723649717654,-0.10666487719280572,-0.052314270743938976,0.8696434323530735,0.3762894349783894,0.80008212095551,0.3482270140762345,-0.2310737162568458,-0.09492133557321193,-0.9848373098860643,-0.4171654164725654,-0.25728915737173735,-0.11431665951519718,0.7858162271746785,0.3316299238348439,0.8794516287591027,0.37191418193464737,-0.08866851102899186,-0.03435948306569557,-0.9501005781309012,-0.39222998332170067,-0.6640008159869341,-0.27320905997710965,0.4234032779849305,0.17072260979197756,0.5732625695113285,0.22263367245510127,-0.5280665714394999,-0.20409383533957984,-0.9886050091241392,-0.37552503923938685,-0.25013195503379887,-0.09210658006979708,0.7920543913012423,0.29468063178811305,0.8732596043304055,0.3178798595375831,-0.10488545100295907,-0.04047233169732251,-0.955785627244361,-0.340204503615076,-0.646968811853224,-0.22386334372355185,0.4471284739255495,0.15691806795535287,0.9982774102066151,0.33802992973683293,0.33766977714135493,0.10912853042349725,-0.7331730923420633,-0.2427507656992723,-0.9134546561536808,-0.2925170207734738,0.015525856140783945,0.00886725082692861,0.9261305448139289,0.28906550064985664,0.37963865212644105,0.11788887827852494,-0.7042140153849465,-0.22422997256994068,-0.7034494094950938,-0.20303733794846032,0.3840012657642754,0.11449687357684953,0.9999999999999999,0.2814951205810742,0.3887025667746892,0.10271883205829416,-0.9783111337526084,-0.2623137539661018,-0.5689788962378083,-0.1443462309894332,0.5389585253375854,0.1423325649957241,0.9857053426696943,0.24527231057893728,0.22240980879668984,0.04858335806932726,-0.8133480552112304,-0.19729760051830816,-0.8509253999374008,-0.1945215386254556,0.1555953489007113,0.04151359946843004,0.9716348155932641,0.2157921606669904,0.5956385366095264,0.12242477333872984,-0.5105480172256107,-0.11187943263393861,-0.8277806409950899,-0.145692707421277,0.2005788972130578,0.04018905551336914,0.9816246852804718,0.16181677048109597,0.5541766504960514,0.08177380947198984,-0.5553688082961109,-0.08438624061821294,-0.9813165074252974,-0.1321546453656599,-0.19906120446973474,-0.021830763138121073,0.8287770872171322,0.09522656017648445,0.8356575359482572,0.08362714797568545,-0.18686854381460075,-0.017500628526479132,-0.9280519355701106,-0.06247782870197885,0.4736720241437687,0.00030359736113420117,0.9949165800933389,-0.02023198377212852,0.2763513638420655,-0.015314382316166936,-0.7874044186354512,0.042883547252363,-0.8673798256136307,0.0764700684162369,0.1385861539087089,0.0022140497209666163,0.3087578202904405,0.01920987584415301,-0.7687813607050296,-0.0367757112528323,-0.878852202960916,-0.02871750900269173,0.11822066445163623,0.0021423263407299065,0.9666184162139574,-0.00018522029600356513,0.5953128627230754,-0.012556044462903888,-0.528572274022783,0.015836186619182787,-0.9841444093348233,0.05596968071083495,-0.19325434052625073,0.024603530646555592,0.8427452764495762,-0.07279110775784041,0.346833150191466,-0.11924753435456523,-0.7533870274400467,0.12005005127542237,-0.8820494610072195,0.25199407021862874,0.12935931685044066,0.06787015368835467,0.9303205578382759,-0.3214984446669251,-0.019275244763734167,-0.15423896372914614,-0.9440219347276687,0.24680153105088218,-0.6372067007640729,0.386730660822042,0.5034445628479497,0.04056766344092285,0.9850174174332906,-0.4076421963598829,0.17246306390550897,-0.38739815790779314,-0.9824771867938652,0.4223461115355635,-0.14966569074553862,0.6378778561167769,0.8831953537421341,0.06915155805604693,0.7350330806623828,-0.6403323109919344,-0.39744936329588765,-0.6117170434661459,-0.9973946454681593,0.1848119460016641,0.18995761839464972,0.5920109446111322,0.9897022845519001,-0.1212832893686561,0.46011518620915975,-0.745726209129204,-0.6883391687949659,-0.48703863711038364,-0.9109928263287645,0.40504640358130156,0.09135180380951728,0.8654304462855347,0.8002578072674894,-0.13968994927481812,-0.17646898901720937,-0.9640956626141068,-0.7294671665705408,-0.09570631509834132,0.11888720946055907,0.8762586778294543,0.7321252166318235,0.7892887946723416,0.34903115029541126,-0.25430911940460676,-0.43582177996169397,-0.9893464670893349,-0.5810636579145101,-0.5212257994875847,0.3988287648578755,0.9884158334677203,0.695499083215779,0.5263161276709694,0.07300521799946015,-0.5788023370775777,-0.3195686772609299,-0.9333235325403272
15,-0.771501333772186,-0.8822594319909896,0.04078182824361038,0.06551461906638047,0.8740499939784238,0.936405585796867,0.7024678792739062,0.7051713888566977,-0.4373414703277218,-0.4600608684956427,-0.9995911432492373,-0.9775885363722068,-0.3679362033191725,-0.3352715776109126,0.7014215084007874,0.6526541339912041,0.9357691729001923,0.8320455510638661,0.05567788260904238,0.04146203538827107,-0.8909000006436707,-0.7575057736526069,-0.7757436655935523,-0.6407844408215267,0.39770389295671915,0.3169411352200655,0.8394868970892713,0.6511567613571062,-0.16056088126942603,-0.12056868783367593,-0.9686394507996351,-0.7268682230719032,-0.6183120882908393,-0.45991032083457317,0.470655585645259,0.34201887179832324,0.9972125041529988,0.7208329974010586,0.3340013402223196,0.24055250020933233,-0.7275709514943852,-0.5135643802692279,-0.9217780111298343,-0.6458623554037312,-0.017782817358979134,-0.012678229360007216,0.9071739206983741,0.6234778162795083,0.7525112230755953,0.5116845487048589,-0.2973004801226865,-0.20214721700300417,-0.9935936750679677,-0.6644187994555858,-0.5085783874291877,-0.3343009457638674,0.5807196733450812,0.3837170230870236,0.9798305332692345,0.6357192680971772,0.21513662114300883,0.134227094114957,-0.8051670526106183,-0.5151773403847729,-0.8692687484628783,-0.5451975430484345,0.09959570202747167,0.06667538050856778,0.967059907616845,0.5912245822055221,0.1589372016615436,0.09206082034500272,-0.8381009389178694,-0.503570952573015,-0.8387779255423493,-0.4939802627030253,0.157995486720015,0.09510369143363057,0.9669709335426355,0.5582847643938673,0.6253737262607987,0.35495889410179815,-0.6549688924164568,-0.37715274366091056,-0.9554637372102217,-0.540946647650849,-0.11300936475159981,-0.06265617352415402,0.8649521407292506,0.47808816012707034,0.8074606988273383,0.44147434492002724,-0.21625315195970687,-0.11507203795908236,-0.9811415907895299,-0.522534236229676,-0.5711708927819051,-0.30338544761639963,0.7259227938997925,0.36709387036635593,0.9199876494843269,0.4662426786725371,0.0062069503806768565,0.008940589726467071,-0.9149482577075312,-0.4490851225954139,-0.7344869469857801,-0.36321134905647173,0.3306526796003365,0.15337687761309096,0.8737008231012562,0.41958827995171644,-0.09888635104783795,-0.03949430546629078,-0.9526852762891426,-0.44299572022920414,-0.6593177540718161,-0.3106393929767934,0.4272396864074465,0.18972291217005824,1.0,0.45503218014946417,0.3690677191750781,0.1724780230035898,-0.7055132564504354,-0.3109172579016371,-0.9315056320784433,-0.41492258039627744,-0.03704636997845061,-0.021755847960192747,0.9020191160874673,0.3907035461362732,0.7562734835623502,0.32955957777587347,-0.2983839148152478,-0.12380766699493596,-0.994746064007632,-0.42161701943413205,-0.1892452767016606,-0.08521605262915699,0.827096936963012,0.3493782161154622,0.8441020025686247,0.35721679768063785,-0.15794313989975894,-0.0632965794645137,-0.9696495698633298,-0.4004579405256485,-0.610221983804974,-0.25125269732929584,0.4855778365708164,0.19597818093396116,0.5146973896205383,0.19980810515561506,-0.5860607553310567,-0.22636515576995236,-0.9756631440779895,-0.3705054494615924,-0.1819810291517614,-0.06650272451186622,0.8327554189324909,0.3096340132548116,0.8371127122910671,0.3045268650324096,-0.17400167847078032,-0.06534577953924575,-0.9740170332429796,-0.3464796727993537,-0.5921617054410419,-0.2045604737258608,0.5084380485169695,0.17791695460483256,0.9916913132171977,0.33555702292588957,0.2711543041766695,0.08688500635512836,-0.7788447908569514,-0.2575168251854889,-0.8828427861796363,-0.28242010698577347,0.08524920913532169,0.03090132078130346,0.950275275167755,0.2962953396463209,0.3141786159923391,0.09684734864741931,-0.7520481140333585,-0.23906540066852516,-0.6521310822296088,-0.1877887991111579,0.44747815995809526,0.13260081236885157,0.9977419295358613,0.28053364417889265,0.3234759037383462,0.08461574830218077,-0.9903775353966036,-0.26518681523809273,-0.5102225986108294,-0.12879464140941213,0.5964284416377704,0.1568032281239837,0.9713313116247901,0.2412954240131966,0.15384426238558666,0.03177297548593288,-0.8519527748851982,-0.20614525212122495,-0.81220849323708,-0.18516285114443312,0.2241350914792929,0.05695473936973504,0.9859085038689519,0.21849773829412308,0.5381274948672939,0.10983738830767276,-0.5692904162663015,-0.12385325614725295,-0.7865639092214773,-0.13792536632333888,0.2684557668057173,0.0517824072561008,0.9925955792185258,0.163243715803309,0.4947599449630408,0.07239089835626902,-0.6120266242402704,-0.09245059670949597,-0.965462850081398,-0.1297552618118821,-0.13019216413278703,-0.013207705264741328,0.8658628572775501,0.09928883990209084,0.7952734129474222,0.07944617134226482,-0.25494744777840805,-0.023494345222589207,-0.8997021407498079,-0.06055189740665218,0.5339893920047353,0.00019678093751624402,0.9850920450859445,-0.020198966347411695,0.2085954621447607,-0.012693429446123948,-0.8285492292978232,0.045786640294225314,-0.8304758715142626,0.07414087213812277,0.20737320468665502,-0.005104322271397472,0.24165747860420056,0.015012353275740404,-0.8115197180889365,-0.038833045623249955,-0.8434253965649455,-0.027570674173802198,0.1872066382142429,0.0032763110104457233,0.9821881443910493,-0.0002563228594631599,0.5377848651670875,-0.011601061144810562,-0.5865448594234404,0.018112969607789776,-0.9692119197069957,0.05559675703172741,-0.12432802129114574,0.01951841439429746,0.8782496639045058,-0.07707819601489746,0.28052845455788566,-0.10739991381175033,-0.7974426544902077,0.13338328140293512,-0.8470343236347911,0.24864678000834647,0.1982364921486187,0.04864994535746192,0.9024000280636615,-0.32198825655518865,-0.0889803311137879,-0.13198271783297788,-0.9647507320980172,0.2661314626072375,-0.5818598547983281,0.37714605303700405,0.5624903494919589,0.010277999183526317,0.9703693036084103,-0.4221115158021661,0.1033316595456776,-0.36517512533942365,-0.9670016119992344,0.45476170940343297,-0.0803094131274057,0.6219581800361609,0.9137601105372792,0.020270565340552674,0.6859192618524086,-0.6638005532188125,-0.4605144848853784,-0.577986448262357,-0.9899300844813568,0.23864609953589863,0.2579910020700975,0.5638878643568437,0.9972804673713255,-0.17163939162190797,0.39703745214976444,-0.7568349241904399,-0.7372951008712959,-0.44147823251375695,-0.8800012445706082,0.4549585028201837,0.16060022321403333,0.8575371644984441,0.7654165026437998,-0.2084640722021675,-0.2366550575843558,-0.9802852456895768,-0.7007963512853083,-0.026034157491695343,0.1726900177744988,0.9077503742753302,0.7397825788155532,0.7444701653010198,0.3055210714691955,-0.32115860192763573,-0.4697406000147912,-0.9971021242050535,-0.5635580358149924,-0.46040008742293703,0.44237423487912914,0.9966356711380188,0.682675911743592,0.4656830232871068,0.02605591674479832,-0.6343004912953399,-0.35867500243187567,-0.956128785853238
16,-0.7422334168597967,-0.8472713298307992,0.10366710835638566,0.1349944318327967,0.8961968496158164,0.9586126425110923,0.6533252264514596,0.6539732540173165,-0.497996999149634,-0.5208989479583714,-0.9943123789271147,-0.9712556260476385,-0.3021748584420487,-0.27265001861542704,0.7494641260390952,0.6961936251589921,0.9088796212775201,0.8074485455427959,-0.014121110795959655,-0.01921053688083892,-0.9204351947494505,-0.7822376596204357,-0.7298217168805595,-0.6025780540081471,0.46076122100209926,0.36714436008051565,0.7995209316852938,0.6202565016565018,-0.22902745226880963,-0.17278854511307212,-0.9837125992918153,-0.7383427459663168,-0.561981517367675,-0.41828854304046476,0.5311017851982405,0.386308721102694,0.9895666892252146,0.7154654868982088,0.26741165733742667,0.1930010799185868,-0.7736609668684392,-0.5462414649167185,-0.8924499325599743,-0.6253855077672024,0.052016176046022905,0.03573346643666741,0.9343348689925369,0.6421208710873562,0.7047144957423416,0.4790927329795468,-0.36318417775462597,-0.2465555592772695,-0.9992309138188765,-0.6680268905229446,-0.4472741229771992,-0.2936069919243705,0.6361229437957938,0.4199135819603289,0.963492831052749,0.6248433930756212,0.1464622948096308,0.09000736990300001,-0.8445771715302348,-0.5400051315799249,-0.8326080062074197,-0.5218329045644289,0.16876359791487752,0.10972293591449989,0.9468872377254162,0.5785686217231181,0.08967237821466227,0.05008638109272072,-0.8741351042983921,-0.5249000343043115,-0.7987345420450178,-0.47011348830644334,0.22649986111216855,0.13506790276020011,0.9824540462084238,0.5670601606730693,0.5694108109072393,0.3230158093210199,-0.7061020668675,-0.40638611658958573,-0.9324983177158389,-0.5278492361344315,-0.043421918569110485,-0.02370852922679586,0.8979233990970521,0.49632400240921914,0.7643425162824133,0.41797656240632175,-0.2838572155128993,-0.15157286977336706,-0.99227220270181,-0.5286303811688117,-0.5125123919266431,-0.2726034649695087,0.7721358786730506,0.3909263980301171,0.8903834261510307,0.4516461062655809,-0.06359204302432518,-0.02589737083738596,-0.9408722191511714,-0.4622860842846116,-0.6853350085949146,-0.33953143455734136,0.39569919693606337,0.1849962772416465,0.8376107410215559,0.40282417931728776,-0.16806117562774286,-0.07219226857777727,-0.9716784561393161,-0.4523545813940341,-0.6052561911056193,-0.2859222095637406,0.4892743754685446,0.2184124780985925,0.9953486199852626,0.4533903447727917,0.3033355079968807,0.1429960688914633,-0.753250339608414,-0.3325717456672026,-0.9038093401397111,-0.4030264631915599,0.032752623426551435,0.008908567127925355,0.9300002533589277,0.4032141888907642,0.7087803577776195,0.3092865603398008,-0.36424041693411613,-0.15209081990816312,-0.9998085152968789,-0.4240145466578102,-0.120279412066362,-0.05570028170059598,0.8643481136139556,0.3654243728465415,0.8046399962704688,0.340779089095635,-0.22644828566932373,-0.09192530129073138,-0.9844745263602184,-0.4067349068972467,-0.5534702114572158,-0.22807225679592702,0.5453867087470429,0.22027896607809302,0.45362465578471767,0.1760090928524512,-0.6411997101332622,-0.2475336479155596,-0.9579679462672079,-0.3636807943770986,-0.11294350998836473,-0.040574874364943364,0.869399345870983,0.3230788889332352,0.7968874912637218,0.2896902462517316,-0.2422701872516797,-0.08990086931178862,-0.987503126163488,-0.3510668278457679,-0.5344696467238375,-0.1842610056625248,0.5672705640440288,0.19804904773562723,0.9802737958342486,0.3314493160293253,0.20331779469837047,0.06421818726944749,-0.8207220358399893,-0.27102828858490263,-0.8479297948943711,-0.2709472708256083,0.15455723655217268,0.052784842607021695,0.9697903599023002,0.3020816575315316,0.24718793322224636,0.07533398846876485,-0.7962183098658119,-0.25273612616582264,-0.5976356378834881,-0.1716253721210499,0.5087749855369467,0.15005873333198008,0.9906229606836919,0.2782054360614149,0.2566732986146741,0.06610042512588436,-0.9976189172405484,-0.26676791300272923,-0.4489805477708141,-0.11261557728283626,0.6509926185230737,0.17050996168662866,0.9522250520675319,0.23614297039659463,0.08452920219251187,0.014807798159779346,-0.8864068662779185,-0.21398858477745536,-0.7695345884006202,-0.17490206886513965,0.291582870422168,0.0721184015059007,0.9953789450169666,0.22013881690360257,0.4779947500624548,0.09671488656159637,-0.6252592896238158,-0.1352236790463038,-0.7415151171472651,-0.12948606670488275,0.3350247468875786,0.0631234803158301,0.9987306472699858,0.1638753541513292,0.432932818711266,0.06265530606046407,-0.6657027079918331,-0.10006454278671183,-0.9449055547798881,-0.1267237236655101,-0.06068884065905499,-0.004520300778945648,0.8987302305335424,0.10286739438017356,0.7510147978193107,0.07487814094796587,-0.3217842734038668,-0.029373599830418148,-0.866969087537515,-0.05833096335381574,0.5917052172242817,8.900581695105709e-05,0.9704682406559972,-0.020067541589043277,0.13982330432382917,-0.010010635463758572,-0.8656574314005334,0.048466665427031076,-0.7895259224480198,0.07145046898356612,0.27514995405644943,-0.012397826518739993,0.17337980597352534,0.010741692031204838,-0.8503044329799913,-0.040701189298875236,-0.8038895064177349,-0.02628951779173239,0.25528056005341526,0.004394333822252251,0.9929727506578752,-0.00032617664371693204,0.47763683380595084,-0.010589558622954314,-0.6416598572282698,0.020301508029176952,-0.9495575270311972,0.05495297154092777,-0.054795988433719287,0.014338206389094329,0.9094753072782404,-0.0809897670488432,0.21285705249232065,-0.09502905168464619,-0.8376132210863478,0.14606668159109348,-0.8078925201812067,0.24408810767975045,0.2661478791837112,0.02919271938306252,0.8700830960612542,-0.3209093740236617,-0.1582519142349271,-0.10908346540238377,-0.9807793608779888,0.284164828429211,-0.523678246108354,0.3657240275921584,0.6187957396945756,-0.0200617384527515,0.9509936480775312,-0.43452435036996195,0.033696833727401586,-0.3411729962676757,-0.9468149025536056,0.48496175393557617,-0.010561876121190016,0.6030083862214259,0.9398731199247319,-0.0287091835316894,0.6334637133470528,-0.6840348258754064,-0.5213360261952619,-0.5414399611816285,-0.9776426836303854,0.29131759326181633,0.32476747951662466,0.5330175791092179,0.9999999999999999,-0.22115928401230922,0.3320253915335604,-0.7642564155778004,-0.7826590053288254,-0.3937669903455611,-0.8447223852063196,0.5026540899655947,0.22906621447452855,0.8454660478452513,0.7268461657586269,-0.2762225791244832,-0.2956881664994344,-0.9916989775859751,-0.6687113266204162,0.043764835913306696,0.2256514976805818,0.9348196021444857,0.7438357946379784,0.6960245521182303,0.26052252469365234,-0.386443432024823,-0.5013708910827763,-1.0,-0.5433068156136397,-0.39733135241161893,0.4837645020953542,1.0,0.6665268118517329,0.40278115802408254,-0.02102032631711273,-0.6867083972791741,-0.3960338990448585,-0.9742758758312013
17,-0.7093494133495084,-0.8081554069190894,0.16604733273782993,0.20381656529691813,0.9139775242872727,0.9761494347904098,0.6009996387977636,0.5995890272215245,-0.5562263366501725,-0.5791992601072261,-0.9841894246427899,-0.9601908559432402,-0.2349413480291059,-0.2087001361359328,0.7938554297912108,0.7363413309661436,0.877562099500244,0.7789177318722852,-0.08385130756861287,-0.07978951734530187,-0.9454861211082329,-0.8031585623408481,-0.6803441501243468,-0.5614359674865741,0.521573766694313,0.41555889452387557,0.7556597806697086,0.5863344146277925,-0.2963782245424986,-0.2241665939693226,-0.9939931988826906,-0.7462201372203355,-0.5029130289820799,-0.37462890551088157,0.5889605102399009,0.42871651314947035,0.9770998048584209,0.7066123004615302,0.19951917173811165,0.1445093777668787,-0.8159817837800386,-0.5762573160551342,-0.8587739276274355,-0.6018618448003631,0.12156175186997645,0.0839710723767793,0.9569438317239808,0.6576355775570306,0.6534844702234845,0.44416682561739146,-0.4272984785796909,-0.28976270765041395,-1.0,-0.6683804217295035,-0.38379078395790345,-0.2514826143334898,0.6884270872071881,0.4540643640718892,0.942461088613335,0.610923343852039,0.07707441889827862,0.045349138832384804,-0.8798725953667562,-0.5622020720551454,-0.791890881439183,-0.4959259486238457,0.23710929451729965,0.15223593220596857,0.9221014283925613,0.5630939330731934,0.019970679954955033,0.007867926026420398,-0.9059105713185266,-0.5436718558312444,-0.7547998041473583,-0.44395636825047496,0.29390075094867,0.1743740768415001,0.9931507415170199,0.57307289685016,0.5106737833199144,0.2894990239866654,-0.7537951830258961,-0.4336396172080261,-0.9049898601519474,-0.5121801961987867,0.026377074835891558,0.015354620641782224,0.9265200649233972,0.5121418040419446,0.7175005338296016,0.3924424400954304,-0.35007835524534037,-0.1873352538021666,-0.9985685641853799,-0.5321510920286329,-0.45135698221547993,-0.24049338564329167,0.8145871950602406,0.41285437157845967,0.8564413442665558,0.434849159428207,-0.13308122238796252,-0.06060916201371386,-0.9622123457192516,-0.4732348346400093,-0.6328441869318089,-0.31419735703862756,0.4588179075598619,0.21571439360324146,0.7974399036079358,0.38409755977297,-0.2364172230534397,-0.10453851821349472,-0.985937716223956,-0.45950961650883587,-0.5482458808164955,-0.25981204188649326,0.5489253689540483,0.24603796038857664,0.9858480015460505,0.44953963721102425,0.23612547671490117,0.11281745230561213,-0.7973176628282796,-0.35260597731787197,-0.8717097799464156,-0.38916684157025155,0.10239204934250151,0.039529580572483014,0.9534505228793219,0.41376041264792757,0.6578341253361486,0.28750672987112896,-0.42832237635500026,-0.1796330016349135,-1.0,-0.4243463176319647,-0.05072755822592033,-0.025913144598562397,0.8973882731393407,0.379690218765442,0.7612578647926126,0.3226811390435523,-0.2938501981536097,-0.12010617228935885,-0.9945032219237133,-0.4110303016872913,-0.494021987873869,-0.20378067115319157,0.6025385117003338,0.24350657424185657,0.39034190822410486,0.15135258194128234,-0.6932148044008678,-0.2674961810105175,-0.9356056249168138,-0.3550843230194653,-0.04335574139734668,-0.014449347508687293,0.9018076465881084,0.3349497567405521,0.7527799144817903,0.27344228571087686,-0.309358380033203,-0.11401797108584825,-0.9961782031167951,-0.3539436205960316,-0.47417370561249556,-0.16306383650145187,0.6233393944049033,0.21721626581367456,0.9640804830547722,0.32572682138223485,0.1344907413617342,0.041238503630579494,-0.8586008055631053,-0.2832193294059991,-0.8088857748819855,-0.2581544067975052,0.2231122766485806,0.07441120198547234,0.9845807234863876,0.3063962639463907,0.178992975688739,0.05345360867083658,-0.8365094101281838,-0.26517554666138676,-0.540228572783723,-0.1546258035696902,0.5675931105281448,0.16678558323016587,0.9786777763441435,0.27452183902455857,0.18862020698086096,0.04726306732276615,-1.0,-0.26704934431063315,-0.38555110883342625,-0.09588786138381666,0.7023852248084813,0.18338598785553772,0.9284796477739281,0.22984005196522903,0.014802324223200833,-0.002229521270533959,-0.9165424725194394,-0.22078938655870736,-0.723111588402819,-0.16378918128742972,0.3576100869301539,0.08693071003924632,1.0,0.22070740132540423,0.41553326288317544,0.08312119960993829,-0.678181962573127,-0.14593530577367778,-0.6928537379591504,-0.12041592398533435,0.3999615200791735,0.07415702212461073,1.0,0.16370860824661715,0.3689964872849845,0.0526144634116219,-0.7161355550662615,-0.10719098446992352,-0.9197447745970649,-0.12307480027566388,0.009110152745947057,0.004189126157866009,0.9272190804464222,0.1059447892530304,0.7030973140879672,0.06994531177769281,-0.38705339839494396,-0.03510974921249722,-0.8300122480781673,-0.05582584671092745,0.6465383141035118,-1.920293100748197e-05,0.9511164125087004,-0.01983834978523527,0.07036994141922134,-0.007279070671679255,-0.898548237513041,0.050910565837728586,-0.7447294824504782,0.06841196632629756,0.3415862005080574,-0.019630929801508285,0.10425744435622424,0.006418698342844348,-0.8849465501458702,-0.042371040871505686,-0.7604371474019478,-0.02488028152159431,0.32211078066471954,0.005490947881393684,0.9989196934967675,-0.00039444132814967864,0.4151618038023984,-0.00952646483594571,-0.6936487527081062,0.022391139544146434,-0.9252769855328914,0.05404146069663411,0.015003004971282752,0.00908814408363513,0.9362700783750537,-0.08450676407878982,0.1441486322633292,-0.08219521757002131,-0.8737030202659418,0.1580384595891115,-0.7648147455783716,0.23834026262618951,0.3327626205045119,0.00959326941427123,0.8335272066752835,-0.31826705327958893,-0.2267525099373405,-0.08565276929338084,-0.9920297311993593,0.3008137717712264,-0.46294532964329344,0.35252023144733446,0.6720864192545304,-0.05030373731588641,0.9269848470867657,-0.4448202259809904,-0.03610215967760044,-0.31550870665270125,-0.9220154060762366,0.5127991135507303,0.05923711728381202,0.5811207961632118,0.9614071619476271,-0.07754906414760336,0.5779219933058198,-0.7009365496192757,-0.5796176707900361,-0.5022556330353777,-0.9605923058970656,0.3425698169565045,0.3899617224484596,0.4995504857949124,0.9978476331483228,-0.2696017106018572,0.2653957365848805,-0.7679545265312524,-0.824209873785001,-0.34413735498171993,-0.8053281232925027,0.5479007969113059,0.2964162181637593,0.8292759055929063,0.6847347074161992,-0.34263535740710277,-0.35328071238979836,-0.9982812517488076,-0.6333684075908571,0.11335061143696504,0.2775136261723742,0.9573344828797308,0.7442651172390402,0.6441879772816643,0.21425473836543438,-0.44984554856634335,-0.5305585535670319,-0.9980259763145951,-0.5204086592196273,-0.3323268589909593,0.5227979172852083,0.9984924293816301,0.6471304603315728,0.33791698344658533,-0.06799416046216263,-0.7357707289791507,-0.43146335831088306,-0.9876763916759835
18,-0.6730095308009353,-0.7651022321003673,0.22761859120519426,0.27164572494248074,0.9273053923331012,0.9889305251456263,0.5457460413161174,0.5422836629555875,-0.6117457953502268,-0.6346777716817441,-0.9692715984119806,-0.9444481325067338,-0.166563226984787,-0.14373348757164692,0.8343791496874524,0.7729016558256,0.8419691833864364,0.7465921093086291,-0.15317298919949554,-0.13997977130167275,-0.9659307341249086,-0.8201665572787524,-0.6275520150566832,-0.5175586213667525,0.5798452574236039,0.4619488678049491,0.7081171311613561,0.5495557652691448,-0.36228507189805126,-0.2744525257129004,-0.9994311635244562,-0.7504620189756032,-0.44139439887192505,-0.32914411361121526,0.643949878877776,0.4690356414386157,0.9598725884600858,0.694316569925423,0.13065464878968577,0.0953136404527228,-0.8543272194632637,-0.6034656994749121,-0.8209140624431491,-0.575405971424598,0.19051509105816403,0.13179957969301417,0.974890660298923,0.6699463495981445,0.5990707340537281,0.40707698212832133,-0.48933102416900787,-0.3315581612387313,-0.995897186700772,-0.6654776707067616,-0.31843765481767944,-0.20813303872452033,0.7373772830501579,0.4860029902440816,0.9168377704860541,0.5940269375070095,0.007311044165547765,0.0004699713158578366,-0.9108813683631349,-0.5816600205476681,-0.7473157438971674,-0.46760289131186916,0.3042998184709764,0.1940072503384311,0.8928232335898892,0.5448759073833406,-0.04982831345004679,-0.03438886078459935,-0.9332725330970092,-0.5597949627262713,-0.7071877574761041,-0.41563633739472866,0.35986978586934976,0.21283071794844918,0.9990089062441085,0.5762936794788832,0.44944880439300416,0.25457182850778787,-0.7978158848238169,-0.45878046920073073,-0.8730723829586584,-0.4940158658314347,0.09604756178370742,0.054342964342034616,0.950602818126907,0.5254645022856922,0.6671629608988733,0.3649963776645702,-0.414593948420779,-0.22218495930531673,-0.9999999999999999,-0.5330792162597313,-0.38800260665720815,-0.2072116467165311,0.8530699245151157,0.4327709601284478,0.8183267662419972,0.41593367119698366,-0.2019220434134032,-0.09502567144512218,-0.9788646704602345,-0.4818780324504405,-0.5772702120032466,-0.2873325415794292,0.5197013034582436,0.24538157112273568,0.7533840191423168,0.3634996555267906,-0.30362146953299635,-0.13637546669665027,-0.9953935868612653,-0.46442596696175154,-0.4885645717055177,-0.2324360960573907,0.605902053219793,0.27246477046719697,0.9715444307404003,0.44349881772433114,0.1677650658456168,0.08208920043249908,-0.8375005345409369,-0.3709223480908776,-0.8353633373291822,-0.3734112382157267,0.17153263148646683,0.06995800987399033,0.9722556772927593,0.42229083726572153,0.6036829911612949,0.26432619551460096,-0.490317592213097,-0.20630002943434542,-0.9953195852227695,-0.42261071600175903,0.019071435179081716,0.00400023873917595,0.9260564472031446,0.3921062521048448,0.7141669615188598,0.30301111891784455,-0.3598205020102099,-0.1477018980896235,-0.9996867977571102,-0.41332319816413704,-0.4321669388245172,-0.17849628656455857,0.6567548075915802,0.26554784285310845,0.3251574541236556,0.12595869646480393,-0.741852625823141,-0.2861554996002142,-0.9086851270085736,-0.34475791653303256,0.02644325200765537,0.011746575116188438,0.929822431100444,0.3451887830020612,0.7050048696256759,0.2558621418403611,-0.3749394098837999,-0.13757958876582396,-1.0,-0.35509603560503983,-0.4115676378711837,-0.141072236720064,0.6763713778940937,0.23532522807918035,0.9431902670708843,0.31841741840331583,0.06500846265214583,0.01805791014730327,-0.892296558467769,-0.29403055412333684,-0.7659009446832887,-0.2441038404490749,0.29058033616032336,0.09567503746763738,0.9945743087553576,0.30921813856214775,0.1099259823699873,0.03131280826460203,-0.8727251206300427,-0.2763230585489693,-0.480189568380942,-0.13687291364627038,0.6236459789391097,0.18269987053208286,0.9619645722545924,0.26950079918281333,0.11964817665867422,0.028195448606518392,-0.9975091832791003,-0.266029738056762,-0.3202433036492639,-0.07869298946274922,0.7503558808821383,0.19536857592550969,0.9002107839668178,0.22241737590412988,-0.05499666918180099,-0.01925597869732781,-0.9422127759653728,-0.22651452464231686,-0.6731656614332422,-0.15187832928251843,0.42189506304145635,0.10131950089152482,0.9997491555026822,0.22020072147337894,0.3510473394163869,0.06912255452909437,-0.7278006011713942,-0.15593595036068802,-0.640816845005113,-0.11075912698829568,0.46294972094893405,0.08482927837583806,0.9963974532496628,0.1627442904584593,0.3032624420640481,0.0423172883858257,-0.7630794617021012,-0.1137952024515978,-0.8901030903248264,-0.11882626883031029,0.07886476240251931,0.012878144093125921,0.951190612203103,0.10850603176217945,0.6517544109174818,0.06467171607931699,-0.45043683813551205,-0.04067484742563262,-0.7890116723787225,-0.05304875215445801,0.6982215413062337,-0.00012731812421642446,0.9271308408055488,-0.019512507535417545,0.0005737432335812881,-0.004512042978977213,-0.9270614069341379,0.05310643508917681,-0.6963047952743839,0.06504016744583409,0.4063582733269149,-0.026768393167577974,0.03462715094994127,0.002064433401362823,-0.9152772966739545,-0.04383446499213228,-0.7132800150428933,-0.023349831020840213,0.3873717099310878,0.006560810594405091,1.0,-0.00046078433408078197,0.3506641472226392,-0.00841695906985328,-0.7422582611900779,0.024371683678006302,-0.8964885875695869,0.05286666528805509,0.08472890524416149,0.0037938052537373756,0.9585034357635629,-0.08761205264873477,0.07473793438772086,-0.06896093661762966,-0.9055362261551205,0.1692402900979817,-0.7180108704139883,0.23143124777099316,0.39775617578739547,-0.01005291799879432,0.7929104565242526,-0.3140741674440303,-0.2941483902044215,-0.06180478150216682,-0.9984470323888064,0.3159971806548666,-0.39995699006731233,0.33759899217010897,0.7221027613377679,-0.0803006614273323,0.8984598691011841,-0.4529489821642124,-0.10572526698962938,-0.28830729033373914,-0.8927239432211287,0.5381381674310518,0.12874751340790153,0.5564020440001479,0.9782573249178231,-0.12601113351819362,0.5195646954057167,-0.7144233809512958,-0.6350754763556858,-0.46062436593153827,-0.9388620190078163,0.3921530749379775,0.45325611106734015,0.46364963272845333,0.9908338529312405,-0.3167306647576209,0.19747310028504544,-0.7679112402259631,-0.8617452745853826,-0.292831117016975,-0.7620103837133049,0.5904781862492606,0.3623221118337502,0.8090456144870354,0.6392872904085318,-0.40737885067001883,-0.4091521101610519,-1.0000000000000002,-0.5949397813454851,0.1823841541756661,0.3280237361730268,0.9751853262453117,0.7410684550021812,0.5892129833733308,0.16694312448871113,-0.5110560628135644,-0.5571613881098681,-0.9911896703938059,-0.4949751241491925,-0.2657033025186748,0.5592843135735119,0.9921203040154206,0.6245813542580037,0.2714065112930327,-0.1146367338921898,-0.781248459646956,-0.46479077146576214,-0.996265047421404
19,-0.6333908134689813,-0.7183215561146596,0.2880809147763492,0.3381514539218581,0.9361155217198948,0.9968936453892823,0.48783362397937924,0.48233634719389423,-0.6642848900278074,-0.6870641969502155,-0.9496315783845485,-0.9241041527042488,-0.09737362664147524,-0.0780665839039533,0.8708378582379157,0.8056964815096767,0.8022742780456166,0.7106291650355979,-0.22174842742389356,-0.1994880578829793,-0.9816694296999458,-0.8331787831924486,-0.5717025096529715,-0.47115978166844263,0.6352918003445683,0.5060882726370148,0.6571246061696705,0.5100997354632584,-0.4264269028000849,-0.32340135233907763,-1.0,-0.7510477252105997,-0.377725339619276,-0.28205576467548454,0.6958019884353741,0.5070696752299689,0.9379689692968285,0.6786381988530966,0.061153589525715715,0.045653544663173624,-0.8885104588099355,-0.6277340586670089,-0.779054786464633,-0.5461467779956586,0.2585402598732262,0.17898597270543093,0.9880879195725554,0.6789932103667877,0.5417383854860414,0.3680039005015573,-0.5489795981959565,-0.3717382967936033,-0.9869424624151728,-0.6593327793659177,-0.25153312943242573,-0.16376945987234542,0.7827350508910125,0.5155738587006545,0.8867477109011757,0.5742364916338247,-0.06248794923945428,-0.04441148585367878,-0.9374524188943234,-0.5982841798883431,-0.6990997591708007,-0.4370017197166994,0.3700078242971733,0.23483338464878648,0.8591952937394448,0.5240033010434507,-0.11938454832064477,-0.07647810852263287,-0.9560876849064702,-0.5731908048332887,-0.656130363136691,-0.38529136808281367,0.42408557136725755,0.2502504691912219,1.0,0.5767068172300231,0.386034156069527,0.2184043846698912,-0.8379497078270485,-0.4816861888639411,-0.8369013848765239,-0.4734447398240531,0.16525011466518025,0.09306655458254828,0.9700543299547634,0.5362271902938108,0.6135750370856321,0.3357720895710352,-0.47708968155434994,-0.25595220202068447,-0.9965595363342682,-0.5314102321341478,-0.32275792140118803,-0.17292039347580868,0.8873965830480418,0.45057913206267486,0.7762253824702263,0.3949917959291945,-0.2697791205404668,-0.1289792253571978,-0.9907480649218676,-0.4881735689249835,-0.5188838346288033,-0.25906787086022276,0.5780527668463691,0.2738532742933892,0.7056577234653333,0.3411308174977422,-0.36934650273291164,-0.16754800761447378,-1.0,-0.46707968078756457,-0.4265030251115281,-0.20392774493269128,0.6599268435873122,0.29756415957216326,0.952507593127488,0.43529731657803034,0.09858732043921777,0.050961018226455664,-0.8736031878345704,-0.38743162246896895,-0.7949470885029095,-0.3558364128437816,0.2398375238922317,0.10004561078354686,0.9863240997772255,0.4287639033728836,0.5465907741355055,0.23985789050350212,-0.549924030048484,-0.23196198422757902,-0.9857900734755087,-0.4188161974438732,0.08877751446894436,0.033894133315878865,0.9502129673430433,0.4026119831983755,0.663596708596399,0.2818648590793403,-0.4240377965500466,-0.1745780350893377,-1.0,-0.4136024255666296,-0.36820641589048203,-0.15234228601016764,0.7077714600770028,0.28629538906675595,0.25838886559142893,0.09995115288047285,-0.786876215823169,-0.30342069736010896,-0.8773376065022571,-0.3327518841321953,0.09611341654694251,0.03788526960785904,0.9533072141938823,0.35374608421103904,0.6537951119115868,0.23703546333397169,-0.43869377261822085,-0.16047093251878453,-0.9989498974028534,-0.354518458422709,-0.34695645396879865,-0.11839334718190765,0.7261081480187974,0.25228770948829365,0.9177049229149811,0.30955671776914273,-0.004790530752856208,-0.005210659659035905,-0.9216451322329142,-0.30340929153683366,-0.7191847220701885,-0.22886402472720893,0.35663271748332803,0.11647275378448174,0.9997224279663313,0.3105335334893286,0.04032344071484991,0.009019455004054756,-0.9046890020702147,-0.28612435227119815,-0.4178111286694957,-0.11845319264598311,0.6766605068293579,0.19772406242969398,0.9405647734653575,0.26316677853757503,0.050093232446798856,0.008990464498856201,-0.9901586020865373,-0.263714061660294,-0.2533753052804666,-0.06111473320721092,0.7946708785296468,0.2063993479319531,0.8675561837090924,0.2139111047449425,-0.12452772434279516,-0.0361886229315126,-0.9632927134777,-0.23113610673102938,-0.6199401390275375,-0.13922754132409873,0.48412460881436425,0.11521467332006075,0.9946276336141888,0.21862124584083442,0.28485114859911675,0.05478715131075955,-0.7738734683990153,-0.16517689067216793,-0.5856579567968944,-0.10056272265803874,0.5236824773137738,0.09508825490982743,0.9879405582646149,0.16098709884618675,0.23605093270920943,0.03181394778473267,-0.8063057219050078,-0.11984502164558167,-0.8561249132693748,-0.11399882774759021,0.14823515086412647,0.021504421004870863,0.9705280389104762,0.11053864379157133,0.5972362257711308,0.0590830462809809,-0.5116257948784371,-0.04604178187073174,-0.7441671111226242,-0.05001320940993397,0.7465031033446954,-0.00023481303632215758,0.8986283808408586,-0.01909160231027767,-0.06922525017142075,-0.0017230330664305313,-0.9510580263685385,0.05504357512711078,-0.644487781128026,0.06135149940738928,0.4691506094851138,-0.033775443612884516,-0.035171842455060776,-0.002299889252134023,-0.9411489042159956,-0.0450843320055422,-0.6626478541492059,-0.02170562249046935,0.45074540316513984,0.007598709697690959,0.9962084070228812,-0.0005248824450541247,0.2844580901662481,-0.007266446725242319,-0.7872515620350706,0.026233491418820008,-0.863332587322361,0.05143430880033129,0.15404201480761043,-0.001519016614004482,0.9760670607614605,-0.09029050410490791,0.00496312080840622,-0.05539068491396603,-0.9329577505746548,0.17961759892546925,-0.6677089184631481,0.22339472314004435,0.4608119029641554,-0.02965012860588603,0.7484307263321158,-0.3083511438353094,-0.3601112090821197,-0.03765568702806915,-1.0,0.32964108303828216,-0.33502010023926027,0.32103300453836286,0.7686010913532834,-0.10990636878809887,0.865557684946212,-0.4588710164366028,-0.17483329142835174,-0.2597012698768185,-0.8590832190509443,0.5608554662531087,0.19763066458832168,0.528972557008054,0.9903415165351022,-0.17385928931287933,0.45867613053605727,-0.7244296133849082,-0.6874392580380944,-0.4167489832186797,-0.912557690736041,0.43982580255744325,0.5143422814742471,0.4254899252572385,0.9789928297809477,-0.3623165389523418,0.12858839489054805,-0.7641267675484609,-0.8950823390303166,-0.2400982352854037,-0.7149802061416716,0.6301788252184686,0.4264628085953776,0.7848737344723645,0.5907253299829278,-0.4701376351220511,-0.4630301599794275,-0.9968468487708411,-0.5536126682885355,0.2505291396484144,0.3769357475038753,0.9882851647267116,0.7342613817444922,0.5313674030374845,0.1188181804905429,-0.5697767632939341,-0.5810497883755,-0.9795243880328951,-0.46713012002862836,-0.19778526626492182,0.5930459329051478,0.9809146682556323,0.5989893506091878,0.20357377389814765,-0.1607208086779386,-0.822920026350182,-0.495853770702665,-1.0
20,-0.5906862797620285,-0.6680412897129918,0.3471397370885045,0.40300974300859177,0.9403649903828722,1.0,0.4275445302634779,0.42003913723295216,-0.7135876554948564,-0.7361033145145969,-0.9253650487638594,-0.8992580303604136,-0.027709631777128922,-0.012019347686703536,0.9030539322793593,0.8345660349241655,0.7586707730664868,0.671204106902707,-0.28924352959995603,-0.25802445869874907,-0.9926255304905506,-0.8421318458252697,-0.5130677270895658,-0.42246549887465995,0.6876432654735626,0.5477620662766083,0.6029306361506608,0.4681585510212419,-0.48849122469595885,-0.37077460008484797,-0.9956969369951922,-0.7479744024234236,-0.3122160404808202,-0.23359326840640118,0.7442642206470862,0.5426333165340673,0.911495659599468,0.6596535706924315,-0.008645403879286098,-0.0042289706068950085,-0.9183649645140444,-0.6489441606248864,-0.7334000338767742,-0.5142268123628055,0.3253058465305621,0.22530036405043388,0.9964713138242806,0.6847320844666827,0.48176674195961877,0.3271379408631722,-0.6059535988037307,-0.41010736073349985,-0.9731794536597965,-0.6499756849999024,-0.18340315992459819,-0.11860801267372044,0.8242794122441782,0.5426329031429409,0.8523375056043548,0.5516484232954504,-0.13198250763702815,-0.08907657472836308,-0.9594562954730463,-0.6119935588439176,-0.6474778306910158,-0.4042715196703289,0.43391318919645094,0.2745154343145012,0.8213814407839107,0.5005778032935048,-0.18835915367231715,-0.11819476260349657,-0.9742448736206651,-0.5837941189560965,-0.6018763676220696,-0.3530692979549519,0.4862352545903975,0.2864510253031847,0.99611919427554,0.5743102973379849,0.3207387881416967,0.18117289662381475,-0.8740011240841564,-0.5022451818339324,-0.7966530873723039,-0.4505670386347475,0.23364758559888768,0.13133673392415315,0.9847798345966005,0.5443774333321866,0.5569978373680569,0.30491195360880247,-0.5372610817162752,-0.2884724713360329,-0.9882639347813302,-0.5271522707747764,-0.25594079199561415,-0.13778668945996922,0.9173999346291507,0.46619212775754904,0.7303423066609632,0.3721255603360747,-0.33632186091035937,-0.1623044054482787,-0.9978046344008487,-0.4920907728427593,-0.45796950737006914,-0.22954104751559667,0.63358801526008,0.3009907918393209,0.6544935342920928,0.31710002441619417,-0.43327211689809236,-0.19790427148106712,-0.9997345136583833,-0.46745782935926594,-0.3623635986511308,-0.17442587833342502,0.7107365367084885,0.32121384600273883,0.9288302342665866,0.4249750906612944,0.02892926751760189,0.0195845590621974,-0.905449734211359,-0.4020533689268816,-0.7506579373692532,-0.3365279882370123,0.3069739519899754,0.12964579953391484,0.9955872503925287,0.4331480748420098,0.48683562180124046,0.21422102196030038,-0.606851293287645,-0.25649384355039356,-0.9714578915815469,-0.4129812484712981,0.15805107863219972,0.06362289908209395,0.9697401454211201,0.41115622918017847,0.6097934792141646,0.25934538198035745,-0.4861892215692215,-0.2006036454506194,-0.9954413027625382,-0.41186662352693193,-0.30245202831020707,-0.12544608915172759,0.7553399211538686,0.3056481329231825,0.19036143247919865,0.07345665732636286,-0.8280662239962271,-0.319207659982207,-0.8417157853667296,-0.31912471799996855,0.1653153261820998,0.0638393908742148,0.9721475803658741,0.3605799700561729,0.5994001301315193,0.21705397187694064,-0.5003108633897894,-0.18258047801899516,-0.9930330113196528,-0.3522137029470135,-0.28065493309861755,-0.09513765715713808,0.7723073922344894,0.26802107053665175,0.8877486126220123,0.29918788792253087,-0.07456618517357255,-0.02845384365528986,-0.9465035435572654,-0.3113098493805584,-0.6689647037833583,-0.21250920648220342,0.42094762005534764,0.13670302655268785,1.0,0.31033604025607103,-0.02947555269015191,-0.013317840134639762,-0.932245329631321,-0.29453167691028087,-0.35339715513739933,-0.09945637959799793,0.7263784127480096,0.21178496257030122,0.9145826376450399,0.2555506358007337,-0.019705760958202964,-0.010258320248126026,-0.9779840677150031,-0.2601135968638618,-0.18527288789353946,-0.04323873211471858,0.8351143195369963,0.21642456306246197,0.8306749369307791,0.20436268018570652,-0.1934520929482741,-0.05294495983244272,-0.9796795857198088,-0.2346316169414685,-0.5636943305806569,-0.12589845077945183,0.543995548157164,0.1285485314415195,0.9846603858743472,0.2159766694742842,0.21726719161900915,0.040184830598423926,-0.816176101878085,-0.17361310577581596,-0.5276458018932936,-0.08987638685152109,0.5818639052895201,0.10488397102413421,0.9746705161871395,0.15844559427070212,0.1676894069379685,0.021155612827959313,-0.8456037416803609,-0.1253109679408877,-0.8179757816938502,-0.10861599583520595,0.2168833525712671,0.030025930539096694,0.985137150569415,0.11203272265971631,0.5398083657667981,0.05320652982017092,-0.5703221621771594,-0.051184405382660385,-0.6956970425045533,-0.04673400733647498,0.7911477773018913,-0.0003411639629182517,0.8657478937345208,-0.018577684717763263,-0.13868698511608543,0.001074371290017121,-0.9704211866984901,0.05671254839998629,-0.5895308872956974,0.05736393303086282,0.5296572910327563,-0.040617943492004975,-0.10479948217908255,-0.006653007076378503,-0.9624353289006532,-0.04611455268528232,-0.6087873395192335,-0.0199556663491665,0.5119231101037408,0.008599588651149279,0.9875633868252657,-0.0005864233815161611,0.21686618188819434,-0.006080532982606647,-0.8284094524040788,0.02796749222642253,-0.8259705174915888,0.04975136953029089,0.2226046471591659,-0.00682443798549406,0.988875385153246,-0.09252906930105168,-0.06483587259659561,-0.04155057536125374,-0.9558339986139744,0.18911982886608955,-0.6141539557794214,0.21426984187351614,0.521622600870323,-0.04910288676682987,0.7003047168732824,-0.3011258644491712,-0.4243196023474216,-0.013323137831907462,-0.9966810681308421,0.3416790072005408,-0.2684510261589444,0.3029029763786304,0.8113548741112372,-0.13897662336787864,0.8284385907557361,-0.4625574772424672,-0.24308954564541596,-0.2298300109381388,-0.8212571277922871,0.5808403336205746,0.26555097903663333,0.4989659688903522,0.9976008638326033,-0.22086042012630613,0.3955529416643897,-0.730906497561519,-0.7364539047564935,-0.3708432413510416,-0.8818074731249782,0.48535574307798307,0.5729226279873155,0.38525727364026907,0.9623822519719772,-0.4061372433892169,0.05907721976180437,-0.7566195460692167,-0.9240586522928568,-0.18619561908611212,-0.6644667168752751,0.6668092962965663,0.4885258214214207,0.7568780285185761,0.5392854151291495,-0.530605956273837,-0.5146523734020121,-0.9888371598971656,-0.509588409960635,0.31745357233589666,0.4240113657623337,0.9965701772276404,0.72387706084264,0.4709330541269043,0.07011436626058665,-0.6257215686572956,-0.6021073724790867,-0.9630869613149353,-0.43700930491904016,-0.12890364007523164,0.6239182920644387,0.9649301148333,0.5704791310544028,0.13474924553999493,-0.20602186783940754,-0.8605824094046616,-0.5245010202117509,-0.9988630530982443
21,-0.5451039818756521,-0.6145063932991178,0.40450732949592966,0.4659046091377853,0.9400330953378626,0.9982344551303666,0.3651724825727589,0.3556955388175976,-0.7594138936339144,-0.7815562107235099,-0.8965902336429621,-0.8700308132857634,0.04208936162787312,0.054086445584293576,0.9308704183374015,0.8593696665067881,0.7113711003422964,0.6285090098301871,-0.3553294663744658,-0.31530379028826677,-0.9987456594749751,-0.8469821267560272,-0.4519333301331673,-0.3717130066364432,0.7366446017348288,0.5867672181901523,0.5457992486787006,0.423936545177783,-0.5481756664480804,-0.41634147124913745,-0.98654293860045,-0.7412570235337645,-0.24518565617698848,-0.1839927292143563,0.7891004723889836,0.5755533028653227,0.8805816346717622,0.6374551766434979,-0.07840227774562122,-0.05409088275726212,-0.9437452884247641,-0.6669926718638387,-0.6841722300449814,-0.4798015853900192,0.39048657580323043,0.2705171146688977,1.0,0.6871350126800846,0.41944797929339245,0.2846781980606928,-0.6599754543883757,-0.44647842283575045,-0.954675212429846,-0.6374519744318948,-0.1143796686572391,-0.07286871915978481,0.8618079671571671,0.5670482946263835,0.8137747976568961,0.526372779290286,-0.20083406052422995,-0.13330769148491692,-0.9767857974244343,-0.622721366698182,-0.5927014553043484,-0.3695717494173563,0.49570457265476464,0.31286007237843155,0.7795659000138512,0.47471354080381767,-0.2564160921610942,-0.15933558368185216,-0.9876556392413322,-0.5915532468141298,-0.544690090944794,-0.31912710969785535,0.5460160485293699,0.32125602081382676,0.9873853959661206,0.5691157954067854,0.2538808130785903,0.14305875243682298,-0.9057944947190123,-0.5203572867635381,-0.7525235761056942,-0.42549422012405386,0.3009067489817306,0.16896705390000183,0.9947075908740058,0.5498755242359961,0.497707000176051,0.2725663172582308,-0.5948149998933737,-0.3195873317681844,-0.975153610678081,-0.5203260765413513,-0.18787674477851615,-0.10198170254335129,0.9429338059454653,0.4795338822674572,0.6809010765473996,0.34744636641892873,-0.40122607498085217,-0.19483885479079824,-1.0,-0.4936105599800368,-0.3948239987063618,-0.1988959232608592,0.6860364865514882,0.3266619125029001,0.6001407184092413,0.2915243518904734,-0.4950868728621069,-0.2272963656302718,-0.9945984212591847,-0.4655585703750257,-0.29645877316276614,-0.14407422638814552,0.7580835928658077,0.3432986108638925,0.9006277078700273,0.4125824288212034,-0.040869725887400156,-0.011887314105179294,-0.932885020498559,-0.41471635178564614,-0.7027116562206055,-0.31558003309922783,0.3726148338505387,0.15861436698090378,1.0,0.43542199243039786,0.4247086552541052,0.1875404901315299,-0.6608220380263871,-0.279776090650101,-0.9523928644904056,-0.40513429636890064,0.22655463382759788,0.09304170047933176,0.9845428469886439,0.41769736334269525,0.5530193972974248,0.23556240024967295,-0.5459719815724812,-0.22565193501587424,-0.9860329155594273,-0.4081242486980994,-0.2352241248503764,-0.09793873155673777,0.7992284420613762,0.3235117897996501,0.12140657760299407,0.0466042883215962,-0.8652219767629012,-0.3334394749715136,-0.8019932095338702,-0.3039428083199504,0.23371183616553637,0.08948249304534385,0.9862517412462564,0.3656571465325649,0.5420849311689412,0.19601501528711407,-0.5594904899259951,-0.20380050978322284,-0.982278168224632,-0.34819299771495776,-0.2129860896057152,-0.0714184660299034,0.8147440324672826,0.28244865987073914,0.8534672803245277,0.28736144476022174,-0.14397856063549025,-0.05155840338542568,-0.9667506847596089,-0.3176937369308577,-0.615485556703792,-0.1951190647445672,0.48321170813596515,0.15626729591686972,0.9954056725533175,0.3086266210295556,-0.09913094416531973,-0.035590252094903,-0.9552598516554365,-0.30150407282567737,-0.2872614661888314,-0.07997502506593158,0.772557476055056,0.22481406766181558,0.8841447471476409,0.24668947605413136,-0.08940874987663282,-0.029457127490022193,-0.9610448932721762,-0.25524588477003624,-0.1162678396203606,-0.025152076265705488,0.8714891675249593,0.22539537947665153,0.7897467253588916,0.19381862119107085,-0.26143398240264565,-0.06944335421107793,-0.9912935574973384,-0.23698402549925648,-0.5047022600175424,-0.11195599563787553,0.6012161958715835,0.14125611403944865,0.9698959717122418,0.21227987648395408,0.1486247307209554,0.02538673343077782,-0.8545024074305397,-0.18120349527965263,-0.46706300968163905,-0.07875218232260595,0.6372105508074513,0.11416870297451129,0.9566519773283381,0.15513215868682612,0.09851091523220584,0.010394209852042861,-0.8807820650260383,-0.1301664117966002,-0.7758415543325512,-0.1027039977091543,0.2844749203857197,0.03840115675793214,0.9949467730564198,0.11298098936455303,0.47975061366579713,0.047070796494378744,-0.6262399772303378,-0.05607766361660314,-0.643837607826622,-0.043227121876958645,0.8319380588139689,-0.0004458527729806924,0.8286495699145822,-0.01797325851272625,-0.20747305101003155,0.003866541417535234,-0.9850565525532433,0.05810522383778247,-0.5317018582399018,0.053096895338812386,0.5875835354994519,-0.04726255683333362,-0.17391654936033543,-0.010973712118904827,-0.979032865406568,-0.04692010789975839,-0.5519608741662122,-0.01810848820734709,0.5706067791082474,0.009558571273126851,0.974107057076562,-0.0006451073222105242,0.14821772337129363,-0.004864995494492725,-0.8655314151924014,0.029565238223180454,-0.7845844023258636,0.04782604658888911,0.29008277204590277,-0.012096611381108287,0.996866008069971,-0.09431684217255017,-0.13431899214758614,-0.02750803558203064,-0.9740535194921445,0.1977006860107332,-0.5576068967576769,0.2041010594757094,0.5798920058983715,-0.06831642059925111,0.6487668932282266,-0.292433530120503,-0.4864607531625445,0.011074320352534766,-0.9885064062837813,0.35205230558517214,-0.20057408566378493,0.28329723536568197,0.8501558174796279,-0.16736979780849148,0.7872834270254542,-0.46399040451532136,-0.3101614920313716,-0.1988390432885996,-0.7794299543595036,0.5979954052685075,0.33217755580816954,0.4665284687280997,1.0,-0.2667855411736905,0.33050265862177575,-0.7338224787524749,-0.781880622079007,-0.32313078848857296,-0.8467611781438276,0.5285210792060361,0.6287117530468115,0.343147687312049,0.941083044569725,-0.4479792880010737,-0.01072177364319767,-0.745426150216654,-0.9485330446874772,-0.13138587654695186,-0.6107160125562231,0.7001911395105431,0.5482087855519426,0.7251948888909583,0.48521815594164225,-0.5884892185429824,-0.5637672521940579,-0.9760099557780346,-0.46308148812305416,0.38283140312927993,0.4690212432682714,1.0,0.7099660836642303,0.4082043667146427,0.021068961886080113,-0.6786179214354707,-0.6202315499875771,-0.941957471730612,-0.404759424403908,-0.059394008308443484,0.6517509840208389,0.9442445188859361,0.5391895945174827,0.0652682324025182,-0.2503192091700087,-0.8940521214659629,-0.5505929534730237,-0.992859745807157
22,-0.49686599218323824,-0.5579776835070569,0.45990420285498534,0.5265296348438286,0.9351214535441631,0.9916056123375147,0.30102135125395574,0.28961902749151514,-0.8015403436192056,-0.8232014436355329,-0.8634473210286914,-0.8365648935439765,0.11168329989383201,0.1199287351291562,0.9541517972880711,0.8799865354577265,0.6606056991240115,0.5827518800392794,-0.4196842737063917,-0.37104699350572584,-1.0,-0.847705995903575,-0.3885971594205394,-0.31914956599435457,0.7820570795436989,0.6229136991983081,0.4860087821307264,0.3776491631001693,-0.6051894514556917,-0.45987996861600056,-0.972582602175796,-0.7309283149363448,-0.17696075200223935,-0.13349579594046357,0.8300923059495035,0.6056692513594333,0.8453775045356926,0.6121511650507278,-0.14777718359574885,-0.10368926956403236,-0.9645277801552231,-0.681791661851339,-0.6316112078811617,-0.44303881332270045,0.45376489373015794,0.31441593309697874,0.9986567866953681,0.6861902881822789,0.3550857082348122,0.2408315316930139,-0.7107819758997411,-0.48067428694179903,-0.9315198895285545,-0.6218226619209039,-0.04479893114158605,-0.026774416570840752,0.8951378802828003,0.5887010838179015,0.7712474606956096,0.4985327000152263,-0.2687071700563266,-0.1768893465685984,-0.9893564971569353,-0.6304153386496257,-0.5350374980055802,-0.33307146275044386,0.5550809332631538,0.3496804876183179,0.7339523925406144,0.4465365216613727,-0.3232237972237176,-0.19970013781286647,-0.9962546458664132,-0.5964303867164091,-0.48485013889649203,-0.2836301662408558,0.6031367071652484,0.35449588928360615,0.9738411552591877,0.5611486185276837,0.18578595621417512,0.1042476403881745,-0.9331749256257413,-0.5359342632981635,-0.7047278456197033,-0.3983484365434453,0.36669992493057507,0.2057741833737586,0.9997892317563303,0.5526946768590224,0.4359913845085203,0.2388927652082475,-0.6494710391815863,-0.3491451948447667,-0.9572924362057067,-0.510964905966011,-0.11889738094616238,-0.06567987102310703,0.9638737985425883,0.49053939590553525,0.6281425648328343,0.3210744487297763,-0.46417555594514204,-0.22642406881790936,-0.9973234661187999,-0.49272552608665166,-0.32975494720852766,-0.16728179806094395,0.7351426570405643,0.35074156916470506,0.542864077272234,0.26452840202626826,-0.5544896153474957,-0.2555810947338773,-0.9846167453282952,-0.4613911568337021,-0.22910963033148404,-0.11302065929419354,0.8017373419609805,0.3637108594011725,0.8680374138115061,0.3981797068605364,-0.11046960609608904,-0.043301273473144185,-0.9557753847391645,-0.42535887826565255,-0.6513418345191795,-0.293094603762178,0.43644037369569416,0.1868101811758229,0.9995408501271198,0.43557457784013065,0.3605125508301369,0.1599462798863434,-0.7115733242214635,-0.30169529675915546,-0.9286878750976628,-0.39531357069855083,0.29395443762018014,0.1220072120643533,0.9945489547715396,0.4222035179377987,0.49355106046636815,0.21063178218362233,-0.6030948209624312,-0.24960087103618492,-0.9718206751073928,-0.4023935335541156,-0.166850233098921,-0.0699542263063704,0.8392232023373227,0.33979932975550486,0.05186024208445418,0.019524867908773412,-0.8981624550305956,-0.34604680635597757,-0.758363403400237,-0.28728011983002166,0.3009697255758052,0.11468964550510474,0.9955509827809651,0.36895287814677813,0.4821287489118957,0.1740210932461694,-0.6159443350350691,-0.22402764594974228,-0.966737764632277,-0.3424759311982725,-0.14427959929354067,-0.04735133131512952,0.8532113216716788,0.29550018772557635,0.815027941227533,0.27413500552451225,-0.21268948702266585,-0.07441177575690022,-0.9822879138032428,-0.3225298525292925,-0.5590078258603566,-0.17677832253679532,0.5431216373468153,0.17507024672327826,0.9859618287277833,0.30541360392842365,-0.16830337964512157,-0.05768927192447942,-0.9736204437046713,-0.3070075712053506,-0.2197262682524131,-0.06010404025080544,0.8149727169959677,0.23674790121391298,0.8493993923160578,0.23662646997733267,-0.15867614835299962,-0.04851242256780701,-0.9394236047132222,-0.24913464038283767,-0.04669634611975458,-0.0069428820294039715,0.9036182078905255,0.2332680922586952,0.744970947126119,0.18233029735657164,-0.3281421917740032,-0.0856034275484182,-0.9980780467072208,-0.23818187170636307,-0.4432513307761162,-0.09746810213932847,0.6555077787137571,0.15327551104879222,0.9504063218695564,0.2075488772736928,0.07925818507453485,0.010464954649722488,-0.8886656631482742,-0.18791107956899847,-0.4042047334358251,-0.06724430507755645,0.689452770574029,0.12289721648019446,0.9339727261983133,0.1510629348196579,0.02885248824971465,-0.00041783266945038367,-0.9116693066868122,-0.13438769797832162,-0.7299275049058648,-0.09629163603003342,0.3506805549833722,0.046589296401113714,0.9999091148767932,0.113378824046015,0.4173555647993801,0.040705738979605964,-0.679106814063872,-0.060697717110312806,-0.5888414610416894,-0.03950963822483288,0.8686752217296256,-0.0005483694331501326,0.7875141486855838,-0.017281268398880875,-0.27524832905457447,0.0066398741439305,-0.9948928219014955,0.059214816465757686,-0.471282431177246,0.04857117490995257,0.6426471320448847,-0.05367691174858587,-0.2421863125951351,-0.015240954339061533,-0.9908606522042611,-0.04749707306493958,-0.4924453109171663,-0.016173087331240298,0.6265105092421317,0.01047098549668595,0.9559049756626802,-0.0007006483648770376,0.07884716300492141,-0.003625756237357269,-0.8984365959288201,0.031018945351202358,-0.739375870818155,0.045667719955963644,0.3561476428262503,-0.017309851302021007,0.9999999999999999,-0.09564511286967982,-0.20314772307053128,-0.013331479418549962,-0.9875275495348661,0.20531836528593586,-0.49834323298537836,0.1929379172323037,0.6353362353642238,-0.08719712369765491,0.5940683424931835,-0.28231648902840334,-0.5462319160871228,0.035417825561405616,-0.9755158405896225,0.3607104405251666,-0.13171996838490807,0.26231129869897046,0.8848148871626216,-0.1949475634181352,0.7422926975761577,-0.4631628171775293,-0.3757223628054744,-0.16687935180738986,-0.733805476537106,0.6122371034122599,0.3971857969181795,0.4318180887614826,0.9975272366870451,-0.31141090988166437,0.2638421998483677,-0.7331633505905258,-0.8234980956051166,-0.2738440749055812,-0.8075895478188961,0.5691115137629504,0.6814378576433479,0.29936631994433055,0.9151989751716664,-0.48763882255250873,-0.08046853164475873,-0.7306011130902105,-0.9683862794345885,-0.07593603522411563,-0.5539899612129561,0.7301617218757916,0.6052209315850097,0.6899786726609992,0.42878696267234656,-0.6435054204941145,-0.6101355136030999,-0.9584277292625308,-0.4143184798241262,0.4463441178086954,0.5117460964228561,0.9985579232920082,0.6925962230917496,0.3434869486603077,-0.0280790883528906,-0.7282081159148471,-0.6353340217299853,-0.9162388600292514,-0.3705375966593556,0.010404985096557674,0.6764084106968695,0.9189586585576868,0.5052731804752223,-0.004530761002482965,-0.2933970204755323,-0.9231661014612865,-0.5740024532103859,-0.9820193256364098
23,-0.44620732132170243,-0.4987305625286705,0.5130604691671402,0.5845894610954852,0.9256539940268765,0.980145766677202,0.2354036741704021,0.2221315213758951,-0.8397617696209376,-0.8608361218620839,-0.82609777985979,-0.7990233137320522,0.1807331283490733,0.18518674393166218,0.9727846445933566,0.8963161984638519,0.6066218933434477,0.5341556416668348,-0.48199442144333615,-0.4249824930683388,-0.9963824410446736,-0.8442999266501893,-0.3233677824088654,-0.26503126074754424,0.823659453873136,0.6560254072790366,0.42385052964964415,0.32952191226109395,-0.6592548142892423,-0.5011779770027381,-0.9538839410770025,-0.717038597061212,-0.1078737128317661,-0.08234848456769804,0.8670400132360253,0.6328344401425816,0.8060547801745735,0.5838648145150488,-0.21643213386190874,-0.15278249267229618,-0.9806111894947594,-0.6932690313957579,-0.5759730394018822,-0.4041176006909792,0.5148325147071213,0.3567829487039916,0.9924482179105855,0.6819025135760557,0.28899349529880336,0.1958115583112282,-0.7581256390720774,-0.5125283542390779,-0.9038262953615315,-0.6031638919064293,0.025000062263416004,0.019450328284281494,0.9241067716346403,0.6074857805050847,0.7249626836313382,0.46826381953802443,-0.3352711652662594,-0.21960921453665275,-0.997107151485055,-0.6350379904402967,-0.4747668917983107,-0.2949484853972384,0.6117529953612244,0.38479729467228746,0.6847631427875568,0.416184021471088,-0.3884567884366097,-0.2390917729462443,-1.0,-0.5984017777275789,-0.4226480457084517,-0.24675140512433538,0.6573189443909078,0.38600868941459787,0.955552458334002,0.5504475819855768,0.11678596884622437,0.0649286443144915,-0.9560090220972374,-0.548900221973924,-0.6534987519088488,-0.3692619394218421,0.43070657570570453,0.2415788017104665,1.0,0.5528211565730662,0.3721516626413656,0.2040553516195864,-0.7009629208515069,-0.3770020576280183,-0.9347674292108369,-0.4991143657308172,-0.0493387610253601,-0.029058053773354835,0.980117894881467,0.49915505091560924,0.5723238056830736,0.29313828860070323,-0.5248636202596312,-0.2569061675418082,-0.9897880725612729,-0.48943998295876895,-0.26307936275474314,-0.13485269275598247,0.7806672864008195,0.37311244815795885,0.48294265691926336,0.23624369637769316,-0.6111909401640129,-0.2826206584348604,-0.9698381155874953,-0.4549758919551617,-0.16064428841124648,-0.081416466908958,0.8414851073164763,0.3823511451915382,0.8312181287277102,0.38183709339292915,-0.17953128948824398,-0.07450427338937712,-0.9740093073795263,-0.4339290990476738,-0.5967987408726285,-0.2691812469773648,0.49813961991103717,0.21409587494614712,0.9942120377059152,0.4336050876904299,0.2945600654971197,0.13157282744329452,-0.7588578967080336,-0.32214467370870503,-0.900458411728823,-0.3835669170485388,0.35992212494087356,0.15037831677632013,0.9997097200185001,0.42465273943325843,0.431678192480297,0.1846749872474058,-0.6572794430075319,-0.2723337767025985,-0.9528738220133077,-0.3947023975631129,-0.09766346378353444,-0.04162891109721193,0.8751293515299027,0.3544314015333,-0.01793875132054698,-0.007649675697867721,-0.9267271761003549,-0.3569682324843788,-0.7110389269956607,-0.2692178314735777,0.3667613207364415,0.13933804154052826,1.0,0.3704511084256738,0.4198236838535623,0.15117935793146797,-0.6693973612583599,-0.24316334194437483,-0.9464875118267737,-0.3350903563703495,-0.07487019327654262,-0.023053505673928127,0.8875218510813921,0.30711206836938926,0.7726178679272002,0.2595730080978419,-0.2803642116085398,-0.09690262143673276,-0.9930395348700629,-0.32579463510679213,-0.4998066650805997,-0.15757633411131897,0.6003855325349079,0.19302027288565063,0.971714477981224,0.30071264244902063,-0.23665585797708913,-0.07950723542014518,-0.9872376548201615,-0.3110153595584046,-0.1511205860238771,-0.03994023459321462,0.853417492780446,0.2475283227891117,0.8105158490264397,0.22541064352441412,-0.22717049258466143,-0.06733136999929319,-0.9132255387826358,-0.24180963707062036,0.023102647285248346,0.011300137230249203,0.9313449111786334,0.240004346343281,0.6965657453231661,0.16995367864112895,-0.39325172537177594,-0.10134644959156916,-1.0,-0.23821931977647423,-0.37964092560661683,-0.08250535384461831,0.7066057935494483,0.16454816517550663,0.9262863879612322,0.20180672079609432,0.009505501517436966,-0.004507808338452542,-0.9184994290835108,-0.19370317996743983,-0.3393772123592304,-0.0554088203375433,0.7383360457459204,0.13102698710077113,0.9067432538288609,0.1462577475188415,-0.04094650515528739,-0.011227839552178496,-0.9381149871260862,-0.13795426080409678,-0.6804573220473328,-0.0894101511793756,0.4151777091674317,0.054550457675368764,1.0,0.11322428849352431,0.35292720157369345,0.03414236719625093,-0.7286651107628657,-0.06502205742757426,-0.5309765378486985,-0.03559966758677066,0.9011802862839445,-0.0006482144925631705,0.7425420376848338,-0.01650508568250318,-0.3416826249078293,0.009380858070934316,-0.9998820734277204,0.06003592046016425,-0.4085669634830375,0.043808820599288784,0.6945798163616584,-0.059829758145383466,-0.30927616845945427,-0.0194339441616937,-0.9978610655053798,-0.047842637264537476,-0.4305306036137615,-0.014158892799368761,0.6793619431516036,0.011332386131444975,0.9330458212946025,-0.0007527759191387975,0.009092467186079239,-0.0023688526602931837,-0.9269646838804044,0.032321531295486705,-0.6905651743896231,0.04328690478191587,0.4204773980905834,-0.02243875936737032,0.9982620924496773,-0.09650741019112156,-0.2709867387070148,0.0009100263725820853,-0.996190444622176,0.21193575412399548,-0.43665169107526147,0.18083480085019385,0.6876851705551567,-0.10565301117442844,0.5364755505090532,-0.2708240303801113,-0.6033418920235655,0.05958877868432898,-0.9577726597786204,0.367611230457409,-0.062224124660504865,0.2400474077524371,0.9151632276566403,-0.22157556409486573,0.6936855927192718,-0.46007874715141195,-0.4394527519954687,-0.13410664089882796,-0.6846059721948877,0.6234960439300462,0.4602589887505808,0.395003934472621,0.9901946209480386,-0.35451911593961,0.19589632839862442,-0.7289323242818223,-0.8611035691871776,-0.22322322051635962,-0.7644834223956085,0.606929294231701,0.7308440654953398,0.25412646995803945,0.8848561483620498,-0.5249226297777521,-0.14982325504881527,-0.7122166607805583,-0.9835216335701429,-0.020116241170732452,-0.4945649264655365,0.7565750297276608,0.6592845020759901,0.6514009496942494,0.37026676242242457,-0.6953865287215393,-0.6535312561204754,-0.9361761391908785,-0.3635369535386436,0.5076822888125,0.5519777740362073,0.9922509727564288,0.6718521033398945,0.27709609671928537,-0.07709034009590628,-0.7742505536527104,-0.6473412099820776,-0.8860564247018361,-0.3345105469901869,0.08015328646007562,0.6977704435883204,0.8891957240183462,0.4688951262875681,-0.0743076809953123,-0.3350454309894647,-0.9477825090066234,-0.594615470694232,-0.9663946060233995
24,-0.39337477324329045,-0.43705367638186504,0.5637171564461709,0.6398012262554131,0.9116768412971048,0.9639107493655457,0.1686391340489865,0.15356181281671588,-0.8738919606936347,-0.894276893033867,-0.7847235733464702,-0.7575889726531679,0.2489024431702302,0.24954254153264113,0.9866781828941539,0.9082790990484509,0.5496826866759327,0.4829570507013256,-0.5419563408089185,-0.4768475206438136,-0.98791060699259,-0.8367805130228957,-0.25656299006610955,-0.20962174983921975,0.8612490421372608,0.6859410255189443,0.3596273199934133,0.279789263788908,-0.7101083539356379,-0.5400342966637536,-0.9305380533013604,-0.6996555392176647,-0.03826112377580597,-0.030799979655760742,0.8997635887326173,0.6569165231456502,0.7628050379487882,0.5527339332929398,-0.2840326485275755,-0.2011313748339018,-0.9919171596897692,-0.7013688639063761,-0.5175287881712426,-0.36322756773044973,0.5733919234232135,0.397411753648614,0.9814045411686884,0.674292578468291,0.22149333510322156,0.14983761070025806,-0.8017757903373774,-0.541885434913674,-0.8717293503358086,-0.5815665680404091,0.09467725787806817,0.06558031309514288,0.9485735076859649,0.6233108675339046,0.675145961245408,0.43571360480174715,-0.4002017530603546,-0.26125916848652553,-1.0,-0.6365668009753382,-0.41218326901759933,-0.25538854867129474,0.6654446583590925,0.4180394079863032,0.6322377958349875,0.383803914562867,-0.4517972572237785,-0.2773185769952489,-0.998873454653235,-0.5974578154287963,-0.3583868537261529,-0.20867049596541368,0.7082987897929636,0.41564089401221954,0.9326084058836108,0.5370648201548339,0.047217011977337596,0.025293322412311806,-0.9741855387107664,-0.5591919939434847,-0.5990858779681578,-0.3383764352494553,0.4926148673384711,0.2762064724086582,0.9953388687633183,0.5502543471816743,0.30649885528237486,0.16822380086940508,-0.7490397816315856,-0.4030222042826199,-0.9076883292633454,-0.4848321904765835,0.02046023237964106,0.007705331393474863,0.9915869553575898,0.5053388726925128,0.5137167424818115,0.2637739881957238,-0.582994601775322,-0.2861366452415603,-0.9774305310073768,-0.48376993743224606,-0.19512208209026427,-0.10176659868725996,0.8223885832141323,0.3936655608089198,0.4206683884870067,0.20680803518749855,-0.6649146041567491,-0.30828332269687886,-0.9503345320353396,-0.44634403026503255,-0.09139630366577672,-0.049415621680896665,0.8771332418149125,0.3991286546363329,0.790349232474508,0.36363420798844204,-0.2477183144844343,-0.10534429597479958,-0.9874979545814084,-0.44038526087753543,-0.5393481037505456,-0.2439564662152821,0.557411979970993,0.2403385151345752,0.9840395241748517,0.4295231171393321,0.22717251313407313,0.10255836541059553,-0.8024453898019712,-0.3410245941898151,-0.8678420054918035,-0.3699515639346782,0.42413630784810064,0.17801679344492824,0.9999999999999999,0.4250330954681433,0.3677022317326035,0.15781847433678475,-0.7082618656757984,-0.2937398995838125,-0.9292846634409155,-0.3850883111665287,-0.028000887889691566,-0.013100784017711345,0.9067719584895247,0.36733671915014515,-0.08765034893231319,-0.03478695085345224,-0.9507769755224436,-0.36615054526643737,-0.6602503404121446,-0.24984394090387624,0.4307660916091671,0.16330759664377667,0.9995771177386834,0.3701445381419349,0.355473280008025,0.12760109198142092,-0.7195891508251876,-0.261114370579748,-0.9216260670042424,-0.32607225500935494,-0.005096027203826766,0.0013566343295869782,0.9175084632460225,0.31722772988690406,0.7264436780376018,0.24374639706790605,-0.3466730299375688,-0.11892136728554299,-0.9989531671429811,-0.32747217897081365,-0.4381704964689604,-0.13760664962556998,0.6547244097590331,0.2100299236808541,0.9527330319743375,0.2945466392031349,-0.303855372757556,-0.10093784765688336,-0.99604514331815,-0.3135079123428446,-0.08177865949081926,-0.019581844127463503,0.8877045043253251,0.2571028112571421,0.7676835539931319,0.213096639074443,-0.29455808501154884,-0.08582228576426845,-0.8825783298242106,-0.23330656151321474,0.09278908691494575,0.029488103357201964,0.9545341956779427,0.24557132337763501,0.6447669452275413,0.15674906268703037,-0.4564453760930625,-0.11659572191961946,-0.9970500538124277,-0.23709618726635667,-0.31418094800893437,-0.06714064775938595,0.7542612959867337,0.17501915718180994,0.8976536798807423,0.19508138226031774,-0.06029349188756597,-0.01945860973752632,-0.943858358127492,-0.19855157794405534,-0.27289627961809787,-0.04330338939452048,0.7836222219202171,0.1385184074109795,0.8750962194722668,0.14074000717389057,-0.11054601130310118,-0.021983145529226877,-0.9599902656470708,-0.14084872433834825,-0.6276720195151174,-0.08209306905964887,0.4776521592859449,0.062245854603222246,0.9952189856428552,0.11251813558875888,0.28677941249805977,0.027412657231894694,-0.7746734242873835,-0.06902961681704292,-0.4705247503368836,-0.03151625894669177,0.9292948910698128,-0.0007449015161267312,0.693952336516549,-0.015648491847765744,-0.4064522773583505,0.012076139400377167,-0.9999999999999999,0.06056453548487852,-0.3438609986117488,0.03883303411831262,0.7431285776320373,-0.06569111997456299,-0.37485926191937086,-0.023532253761863336,-0.9999999999999999,-0.04795511694450763,-0.3665183944863354,-0.012075717565025674,0.728903593963266,0.012138576520099096,0.9056409614746145,-0.0008012360247912851,-0.06070652621892369,-0.0011004082711843861,-0.9509766930702879,0.0334666499882484,-0.6383901138468335,0.04069520015895507,0.482758629737661,-0.027458348052618136,0.9916607523298946,-0.09689953311100309,-0.3375055341920094,0.015147098606702807,-0.9999999999999999,0.21752061327167038,-0.37283282601830053,0.1678506754957925,0.7366837727210164,-0.12359416780096323,0.476269103569178,-0.2580121442789439,-0.6575124469097842,0.08346942126734538,-0.9353633068441479,0.3727210554270148,0.007574868744497173,0.2166140299648149,0.9410529848974023,-0.2471240708960245,0.6416989213836881,-0.4547532197161267,-0.5010421715513774,-0.10068057591615931,-0.6320711363724881,0.6317173743954086,0.521089845054861,0.3562653607206664,0.9780378765497879,-0.3959001405008359,0.12699606972835137,-0.7211500129612387,-0.8945138327379865,-0.171514845035102,-0.7176528105840144,0.6417901761872741,0.7766896745244269,0.20764854135481736,0.8502023913430431,-0.5596490667157555,-0.21844805461445493,-0.6903623604913517,-0.9938653691701924,0.03580155718755845,-0.43273042110986787,0.7793023800853534,0.7101361047439027,0.6096496667791836,0.3099426597250668,-0.7438797836810408,-0.6937430600507638,-0.9093635930731846,-0.3109843117581263,0.5665470827372567,0.589520271419065,0.9811098752222995,0.6478347876749052,0.20935526044865063,-0.1257260154510686,-0.8165209205205712,-0.656194616929648,-0.8515572115393538,-0.2968537955609656,0.1495110890689385,0.7157330090182491,0.8551007172932292,0.4302326621778152,-0.14372258143571268,-0.3750615338422654,-0.9677814154388447,-0.6123315813753939,-0.9460617090314895
25,-0.338625742811531,-0.37324750865620915,0.6116274704036463,0.6918959441536177,0.8932580906379695,0.9429796557749504,0.10105300101802987,0.08424396654147225,-0.9037646379771449,-0.9233608370751882,-0.7395262724639443,-0.7124637342520949,0.31585913030784607,0.31268259295520007,0.9957647242684348,0.9158169551623814,0.49006548121284443,0.4294055415314739,-0.5992779033593407,-0.5263893950312569,-0.9746257717676655,-0.8251843888490374,-0.1885082486253749,-0.15319098283678453,0.8946427116405443,0.7125148080330749,0.2936520421837881,0.2286935101478623,-0.7575023170615007,-0.5762596235154799,-0.902658677667392,-0.6788638299161781,0.031537869629196066,0.02089857966105761,0.9281036064688243,0.677798174880971,0.7158389862550102,0.5189101879084486,-0.35024938468047756,-0.24850036515497181,-0.9983906091899348,-0.7060516978133942,-0.45656318870644613,-0.32056792657144606,0.6291578243255431,0.4361044084771502,0.965579560152657,0.6633975576978818,0.15291408164345083,0.10313366931158138,-0.8415197705463745,-0.5686025042195043,-0.8353854275411776,-0.557135910313763,0.16389319540926303,0.11139079721271476,0.9684188889581185,0.6360992466710883,0.6220399956017261,0.40104063718065497,-0.46318259814167934,-0.3016362940292119,-0.9980209490345934,-0.6349943220434989,-0.34759153078275323,-0.2145843846077927,0.715894341871697,0.4492448753257834,0.5766322498934324,0.34955395356273106,-0.5129366151882545,-0.3141943128130986,-0.9928804982418082,-0.5936030987094941,-0.2923796370174207,-0.1695729651256334,0.7558278746890937,0.44324813795429024,0.9051207790252235,0.5210655325058635,-0.022581981427663562,-0.014465226014183789,-0.9876159213044846,-0.5667594387283357,-0.5417543178499095,-0.3058423950980143,0.5521231888550363,0.30948849293745156,0.985828546609135,0.5450067539221869,0.23935281630960722,0.1315726806711872,-0.7934673958887705,-0.4270788672696075,-0.8761870630161949,-0.4681879615255089,0.09015954558914485,0.04443117696029369,0.9982251038611825,0.5090607342781442,0.4526069029498058,0.2331246074347248,-0.6382852921935754,-0.3139730939680512,-0.960311046157386,-0.47574301339893754,-0.12621418625544395,-0.06818470797927585,0.8601032855162363,0.4123007744187429,0.35634466595148145,0.17636482603814216,-0.7153988710350159,-0.3324440615992486,-0.9262010141704009,-0.4355376253257969,-0.021703045315971625,-0.017174028511246105,0.908508071328352,0.41396164939601154,0.7456298342063165,0.34365973327501753,-0.31469848075301415,-0.13567109173940442,-0.9961756110115171,-0.44469590998377323,-0.4792698168820718,-0.21754315407221747,0.6139686848953867,0.26541025023601067,0.9690728689973159,0.4233485531370445,0.15867819912234027,0.0730442493307477,-0.8421234496183221,-0.3582430771277043,-0.8309975602392011,-0.3545338439887291,0.48628414129752423,0.20478799019005747,0.9954183805011484,0.4233427329860848,0.30193486267320707,0.13019308568305177,-0.7557937077287259,-0.31371495120088627,-0.9011681233996073,-0.37359811322688313,0.041798105515310484,0.0154911687646366,0.9339968636157835,0.3784524091958484,-0.15693492285466168,-0.06175474748124978,-0.970194685091554,-0.373549009397282,-0.6062450805382728,-0.22925283576831623,0.4926722133840299,0.18648153355179936,0.9942843962368844,0.3680346608751673,0.289391046074337,0.103401166337657,-0.7662751743820435,-0.27779327624878136,-0.8922745526247946,-0.31546556239862333,0.06470296620117527,0.025760164947016124,0.9430250664053457,0.32579788979202956,0.6767303275704684,0.22673227809275792,-0.41129289211219305,-0.140360740186872,-1.0,-0.32755431129627766,-0.37439960524326865,-0.11696655937501729,0.7058735354714798,0.2260163298000185,0.929109966404062,0.28694563433877635,-0.3695745347053831,-0.12187670084607409,-1.0,-0.3144730860920554,-0.012038315549086008,0.0008719471145160257,0.9176667087568751,0.26542472067261175,0.7211111818520517,0.1997444492193008,-0.36051062005713497,-0.10389508397982616,-0.8476312879593456,-0.22366683984001035,0.16202346744032084,0.04753240640873245,0.9730730855253501,0.24994190160923618,0.5898269053865162,0.14278078105588163,-0.5174152708237522,-0.13127695161063827,-0.9892425799858023,-0.23481794596470287,-0.24719031241391076,-0.05144883918722458,0.798242113208051,0.18463747344718737,0.8646476933037066,0.18740562683968104,-0.12979874146077153,-0.0343146107459311,-0.9646189041269866,-0.20243265259126222,-0.20508582363410588,-0.03098698869120935,0.8250906693987491,0.14533497996410322,0.839185804298769,0.1345365956611246,-0.17960694839589222,-0.032631351830994894,-0.9771885680917067,-0.14305698704568748,-0.5718287619971948,-0.07437603775942993,0.5377995360978443,0.06963799598438027,0.985589364426721,0.11126380563768842,0.21923446295170032,0.020549395557015255,-0.8169076067586734,-0.07270087085221177,-0.40778061353840994,-0.027279306261027873,0.9528820645587851,-0.000837959454380961,0.6419817693205997,-0.014715660133726872,-0.46924173517002193,0.014712586992550597,-0.9952460270919279,0.06079808618063628,-0.2774797775200096,0.03366805699859492,0.7880568911712164,-0.07123244127047462,-0.438616078735937,-0.02751591658715901,-0.9972670350142684,-0.047833964115155635,-0.30072054458327196,-0.009933710648552668,0.774894099734271,0.012885628984112718,0.8738239099250341,-0.0008457925890709521,-0.13020976353038494,0.00017339719640896835,-0.9703556394033757,0.03444872252632326,-0.583104880840132,0.03790523261148705,0.542687909867383,-0.03234416242625697,0.9802281407061508,-0.09681957124587483,-0.402380036640358,0.02931037569899234,-0.9989376558974723,0.22204573385658133,-0.30719755691000294,0.15404879852266654,0.7820933255973732,-0.14093318606561447,0.41374232143111583,-0.2439432489461393,-0.7084796672475785,0.10694340922026417,-0.9083969579011215,0.3760150208803694,0.07733695815039916,0.1921253303971703,0.962358026590059,-0.271468614064602,0.5865859574064746,-0.44721218030601845,-0.5601905640120709,-0.06676400528800325,-0.5764569135092498,0.6368610413127251,0.579382004013802,0.3157910979429485,0.9611162299290107,-0.4353523793732835,0.05747709897196381,-0.709854331267254,-0.923566114811912,-0.11897086646944531,-0.6673258664174632,0.6735243209169857,0.8187513295318041,0.16015896993087178,0.8114065337354582,-0.5916489496564473,-0.2860085972163344,-0.6651446841768133,-0.9993670925946423,0.0915449339579901,-0.3687876966404633,0.798233047582471,0.7575279956921345,0.56492823196934,0.24810854754485492,-0.7887489311089827,-0.7305750175272936,-0.8781207189389467,-0.2569165856707584,0.6226517162240298,0.62419068529794,0.965188908996907,0.6206612860444887,0.14059446639342635,-0.173749166296888,-0.8548132795400518,-0.6618511096639894,-0.8129092972404834,-0.2577508022794099,0.2181404886806605,0.7302085951734709,0.8168397458278841,0.38947414778476747,-0.21243727990630162,-0.4132503746032401,-0.9830653880960956,-0.6270644741434503,-0.9211196944909682
26,-0.2822269617993345,-0.30762291658708846,0.6565579968058933,0.7406198145610441,0.8704874763512352,0.9174544600894026,0.03297454792392557,0.014515692129412415,-0.9292342647905342,-0.9479462599341857,-0.6907260739188948,-0.6638674441543497,0.38127698351265177,0.3742992862156255,1.0,0.9188930431283593,0.4280607259864964,0.37376201172697426,-0.6536798442038004,-0.5733667531985848,-0.9565926577517291,-0.8095680492799516,-0.11953511394611946,-0.09601388476467158,0.9236777717818861,0.7356172900242063,0.22624612114244272,0.17648358471356745,-0.801205805042507,-0.6096774714068537,-0.8703816396907613,-0.6547647642744936,0.10118321370354022,0.07249532319848385,0.9519219967269636,0.6953776620403067,0.665385438976081,0.482558364249137,-0.41475974103816166,-0.2946586866761773,-1.0,-0.7072947188207337,-0.3933732592798424,-0.27634651069756044,0.6818585315504821,0.47267240646464853,0.9450503725792799,0.6492705307108577,0.08358984614878202,0.055927271052978275,-0.8771639510225411,-0.5925493992805008,-0.7949715909162154,-0.5299909424351741,0.2323106617669104,0.15665859656323006,0.9835462307483945,0.6457886142189632,0.5659035136267138,0.364413839887682,-0.5239068641638097,-0.340543877867762,-0.9911796403262053,-0.6303282146040697,-0.28130636154971117,-0.17273478699242842,0.7628562601121508,0.4782616667906139,0.5182174095932669,0.3136010008378777,-0.5715769975237417,-0.34953932552162476,-0.9820503278469459,-0.5868564073620542,-0.22494797610703815,-0.12964929184517585,0.7996746421552908,0.4686959215233946,0.873223494713848,0.5025276659598487,-0.09227095768908285,-0.05415330131357822,-0.9962347384044127,-0.5715656884981616,-0.4817833851520492,-0.27181832154082547,0.6089416216947294,0.3412627166383285,0.9715153668710108,0.537103942541478,0.17104067447543933,0.09428055159837889,-0.8340293167522491,-0.4490548449450746,-0.8404171014720447,-0.4492627678879712,0.15941961055534418,0.08094055829916733,1.0,0.5103025031369786,0.3892920080825148,0.20133946701990746,-0.6904663208284754,-0.3402798973411941,-0.9385130224206453,-0.46539831722586983,-0.05669138759219272,-0.034270628227918744,0.8936276510685853,0.42892730009992736,0.2902848680230803,0.1450623851844575,-0.7623977865252433,-0.35498516645066774,-0.8975551380658243,-0.4226093248560629,0.04809594808903041,0.01515123479898394,0.9354567408411916,0.4267778646111127,0.6972778023363206,0.32201098288563257,-0.3801454676567461,-0.1653369115826661,-1.0,-0.4468400453172465,-0.4168565756417822,-0.19006999354987442,0.6675341961028862,0.28918893327724193,0.949384988212889,0.41511147753872096,0.08941082087475931,0.04317426901054197,-0.8776987686380857,-0.3737162358042955,-0.7901045784046962,-0.33738887079248386,0.5460628472916573,0.23056148043219754,0.9859871827116008,0.4195898872631809,0.23469649731325312,0.10193340940283414,-0.7996433988097171,-0.3321616151102254,-0.8686611828461985,-0.36028778283354723,0.11139346275177281,0.044007650129930076,0.956671429907543,0.3877243171458528,-0.22545492560790723,-0.08842168118688522,-0.9848857036785275,-0.3791275803033581,-0.5492862555715606,-0.20754483386130745,0.5521780856585233,0.20874695117341535,0.9841476211017373,0.36413175573533063,0.22189892805366104,0.0786974806053449,-0.8092279823150212,-0.29311880099961324,-0.8585759663160835,-0.3033219532783731,0.1341867332587646,0.05003819463022675,0.9639473462336905,0.3327807951271776,0.6237200149721058,0.2086135422497905,-0.4739089766594635,-0.1611162896710228,-0.9961749333766674,-0.32604063194275046,-0.3088046767753484,-0.09575661980462695,0.7535837162732691,0.2409016070794793,0.9009603704712729,0.2779466591875934,-0.4334931666696283,-0.14222178299974603,-0.9990829572014988,-0.3139061785765498,0.05776067785591603,0.021321490317801704,0.9431581332268971,0.27245350752936404,0.6710256285188303,0.18541912448580378,-0.42470678360020353,-0.12146171578973153,-0.8085546716631414,-0.21293743580601746,0.23046848591886868,0.06534513635418038,0.986871261113043,0.25309478802026936,0.5320132881516404,0.12811688581170252,-0.5758643703653897,-0.14531861318932318,-0.9766156157478024,-0.23139569523412643,-0.17899539046428994,-0.03550637704216188,0.8383339750928358,0.1933562545016243,0.8274292300789771,0.17881685004302894,-0.19867162461290583,-0.04900343442007469,-0.9806799237887277,-0.2053274957035036,-0.1362762101325225,-0.018519622493795858,0.8625393580737942,0.1514434951038629,0.7991869602413891,0.12767773537786892,-0.24779285849012603,-0.04312058146673435,-0.9896261060592515,-0.14456829049217823,-0.513199612230848,-0.06629665387950023,0.595326807629295,0.07669086804908924,0.9711580508981963,0.10946740960974981,0.15062142513921142,0.013586019292600046,-0.8551618974851005,-0.07601793355245463,-0.343049810580741,-0.02290945153736652,0.9718268924125972,-0.0009269349384048389,0.5868835314763022,-0.013711135202729461,-0.5297450944159592,0.017277356339800463,-0.9856433155816449,0.060735434711924226,-0.20974670284436253,0.028339052489481317,0.8291458707518109,-0.07642672527277646,-0.500236002106436,-0.03136552463273235,-0.989675485278879,-0.04747976902088786,-0.23345761441532234,-0.007743307692332964,0.817109399343454,0.013569903958974656,0.8377496761227711,-0.0008862285368754402,-0.19907863196256753,0.0014463578902913085,-0.9850071106010979,0.035262964351023336,-0.5249788194674749,0.03493059458095652,0.5999732690510297,-0.03707239929177891,0.9640199561130748,-0.09626791416190592,-0.46529418399729494,0.0433308555871454,-0.9930085879482743,0.22548906994610218,-0.24006565218383033,0.13949641128806922,0.8236925984071658,-0.1575855920143079,0.3491998282922741,-0.22868588662555908,-0.7559952458626694,0.12989637963337572,-0.8770049902909438,0.37747707894889276,0.14672226967007626,0.16670061553220136,0.9789745567130597,-0.29449058943338635,0.5286152056081903,-0.43749236810707054,-0.616609764355056,-0.032522167137178384,-0.5180342505086408,0.638901985253814,0.6348514720884632,0.2737783326792638,0.9395121216470848,-0.4726836252148937,-0.01232189443303823,-0.6951003106256429,-0.948118875611015,-0.06584727380125915,-0.6137477777090877,0.7019771228576176,0.8568241103622981,0.11188912010454762,0.7686575850578139,-0.6207663783867581,-0.35217573468205976,-0.6366864898210751,-1.0,0.14684231301224443,-0.3030482755834352,0.8132748039098724,0.8012292863918021,0.517454523599729,0.1850656754607885,-0.8297753730293281,-0.7638476869555744,-0.8425997289304246,-0.20159718780316682,0.6757228531380918,0.6558201049014717,0.9445656394273311,0.5904639850171176,0.07114871023043966,-0.2209258286697143,-0.8889410741871435,-0.6642831303210888,-0.7703009705588141,-0.21739207299816898,0.2857071297589356,0.7411266784533193,0.7745992132293089,0.3468181544935167,-0.2801170053033095,-0.4494259010789302,-0.9935599649999294,-0.6387423718257803,-0.8916900773895148
27,-0.22445319939860733,-0.2404996165905039,0.6982898386446805,0.7857354596787716,0.8434759345808128,0.8874595184964996,-0.03526455385307414,-0.05528330127558963,-0.9501767556721654,-0.9679133839020087,-0.6385607273732548,-0.6120368586004066,0.44483729357961216,0.4340924309780428,0.9993633762512139,0.9174923765550217,0.36397050193165587,0.3162975509717668,-0.704897122554967,-0.6175507261789533,-0.9338991204635841,-0.7900075755522695,-0.04997961620734616,-0.03836901669726708,0.9482127666668715,0.7551359185223312,0.15773795174107189,0.12341384899461467,-0.841005898878272,-0.6401250319420992,-0.8338641898560137,-0.6274757505179871,0.17033560333162182,0.1237388768084915,0.9711027187039135,0.7095693391293,0.6116902007227708,0.4438555647457998,-0.47724942962901096,-0.3393814606948829,-0.9967374913297138,-0.7050918710549952,-0.32826685487576907,-0.2307787624018115,0.731237292549887,0.5069375920007152,0.9199169945868279,0.631980322962656,0.013858369326098331,0.008448400751594694,-0.9085346769015376,-0.6136094532310602,-0.7506847326105742,-0.5002639119595441,0.2995963339322154,0.20116317097855638,0.993881834168186,0.6523317645528078,0.5070100066177342,0.32601165499752743,-0.5820787086066674,-0.37779236616469114,-0.9795094040431771,-0.6225912114634601,-0.2136506960000155,-0.13004364285807607,0.8061016193353814,0.5049484154895345,0.4572778661645948,0.27612021556000443,-0.6274327141820115,-0.38318141777177955,-0.9664357069701672,-0.5772506105885461,-0.15642039126875434,-0.0890939802471504,0.8396254751479213,0.49186026567598634,0.8370719533123452,0.4815415351391818,-0.16151039911968518,-0.09357754717244371,-1.0,-0.5735873276872067,-0.41946525223042475,-0.2364699764441719,0.6627933521641236,0.371374342687352,0.9524690619218744,0.5265844147422063,0.10189523966817556,0.0565290971552312,-0.8705279306208443,-0.46884307255480495,-0.8005527122879545,-0.42814881120501935,0.22790299920372106,0.11705560537412389,0.996902996658466,0.5090581294959579,0.3240805216833415,0.1685734209603416,-0.7392834669537308,-0.36492889125930644,-0.9121426575776702,-0.4527862472329527,0.013107605812809323,-0.00018958542070670185,0.9227983525320657,0.443464135090646,0.22281083139700364,0.11305321497177491,-0.8056823766354773,-0.3757968192541227,-0.8645364635505179,-0.40762211423617134,0.1176606228695296,0.04740268281626931,0.9578479591444359,0.43751486096938935,0.6455287031034618,0.29879342735606024,-0.4437404240541431,-0.1941972266123045,-0.9989524895081313,-0.4468072208661386,-0.3524124510672422,-0.16167083112472458,0.7178475478072747,0.3115587169047158,0.9250717991977342,0.4048520205486887,0.0197078420954208,0.013093947991579999,-0.9089980274830161,-0.38736868654587325,-0.7453622864852383,-0.3186001729319488,0.6031811899838309,0.2552116983176316,0.9717523544789675,0.4137928417865586,0.16631471420999835,0.07317712379831712,-0.8395973076315808,-0.3489900210195167,-0.8319222123274802,-0.3452221665782472,0.18044612223494025,0.07230973064742478,0.9746851891570687,0.39510727119663447,-0.2928765346262392,-0.11465783334989378,-0.9947784581175437,-0.38285907974796735,-0.4896513631817653,-0.18482569438606014,0.6089938018044356,0.22999537463208516,0.9692161776827554,0.3584548372839475,0.1533257407607099,0.05361038865816667,-0.8482383128614723,-0.3070162804161737,-0.8206944842032348,-0.2897005900915668,0.2030167560403205,0.07407244325902003,0.9801733714868333,0.33814242587947474,0.5676710011569157,0.1894784621987421,-0.534216224309613,-0.18108689678724926,-0.9874966026130778,-0.3229385154038879,-0.24170528296311616,-0.0740801636079702,0.7976225129593448,0.25461323594459356,0.8684213861777675,0.26759355585194905,-0.49529986350043914,-0.16187397492272662,-0.9932984826629793,-0.3118099517127579,0.12727826704448705,0.04166715736348777,0.9640545860777616,0.2781549282843642,0.6176709057747255,0.17019045641607716,-0.48683381838494877,-0.1384365983295983,-0.7655388582822261,-0.20117062198917393,0.297790685100631,0.08283951136378087,0.9958614991165455,0.2550146220650668,0.4716077556546785,0.11282881797811277,-0.6315079165802915,-0.15865229709192558,-0.9592306783989377,-0.22684610793618326,-0.10992842096488172,-0.019390931397238707,0.8743415581200049,0.2011330233202318,0.7861796148181981,0.16935689552757435,-0.2665765995803262,-0.06345351828753132,-0.9919631694393714,-0.2072220038961252,-0.06680267263361025,-0.005962030557178224,0.895785841698457,0.15681419275852349,0.7552945576477056,0.1201968420019733,-0.3147715466858467,-0.05339973196403353,-0.9972422851149436,-0.14537527175934478,-0.45207020554035715,-0.057894279365985936,0.6499537067960167,0.08337010991360207,0.9519953529661614,0.10713769936581799,0.08127457488385699,0.0065564533078531755,-0.8892499254075535,-0.07896464452172587,-0.27664770342917,-0.01842798426866519,0.9860370773342727,-0.0010113944885839826,0.5289260560599789,-0.012639810999262873,-0.5876675888116922,0.01975795214367654,-0.9712386489143678,0.06037688631040024,-0.1409917633161226,0.022871982965270557,0.866195334995554,-0.08124866595193699,-0.5594188259582198,-0.03506232299514652,-0.9772623360610431,-0.04689425726460001,-0.16505730221701942,-0.005515180119390835,0.8553438240945851,0.01418806772579043,0.7975940101087406,-0.0009223468683316512,-0.2669776093111409,0.0027122720739194716,-0.9948597261685402,0.03590540855802601,-0.46429511405705964,0.03178577820483871,0.6543356187769619,-0.041620023154455975,0.9431151631967629,-0.09524724947695712,-0.5259414648610043,0.05714023190247991,-0.9822416819754667,0.2278338459529276,-0.17176417173153305,0.12426441155980662,0.8612789236748086,-0.173470256799156,0.28295606869143625,-0.21231438965276367,-0.7998276916322941,0.1522165079420519,-0.841340342524302,0.3771001066326404,0.2153927650403917,0.14046375202504682,0.9908216212019325,-0.31607783625254243,0.46806909366439753,-0.4256411370672837,-0.6700249039075002,0.0018781157428220047,-0.45708777671217443,0.6378302629449492,0.6872280076061561,0.23043174689886642,0.9133308047479225,-0.5077120039484478,-0.082060856806955,-0.6769598311419024,-0.9680524965527175,-0.012402879834058082,-0.5571795715214252,0.7270099628181805,0.8907225302547652,0.06307415773212913,0.7221638138909581,-0.646859495720786,-0.4166271073689948,-0.6051264228864308,-0.9957610079250062,0.20142429107803933,-0.23583243379007085,0.8243543671427223,0.841027068547455,0.46745982880548675,0.1211211820086138,-0.8667592327410024,-0.7933989672347084,-0.802973677740382,-0.14529562870107665,0.7255019362350886,0.6842544348767299,0.9193405410098715,0.5573900028079753,0.0013563247030535998,-0.2670261626126482,-0.9187380372768396,-0.6634788303407705,-0.7239398149789651,-0.1759742313894557,0.3518818344202053,0.748434067053536,0.7285849111263213,0.30247249801561255,-0.34643202880774093,-0.4834118697406974,-0.9992140176265821,-0.6473083808787338,-0.857916235863393
28,-0.16558592357236535,-0.17220462663682554,0.7366196825814412,0.827023080618797,0.8123550628430172,0.8531409633365998,-0.10333185026848224,-0.124812959993835,-0.9664900809115956,-0.9831649311577744,-0.5832843771517527,-0.557224490993093,0.506230401067141,0.49177072105155206,0.993857954588987,0.9116217793491189,0.29810705017759115,0.25729212034234356,-0.7526802129810571,-0.6587260540973604,-0.9066557205357516,-0.7665982643277807,0.019819377197655884,0.019462781362646436,0.9681281642666699,0.7709756007314124,0.08846129889458204,0.06974285340887683,-0.8767086965123195,-0.6674539676668659,-0.7932842375080229,-0.5971297379785996,0.2386581350223467,0.17437958704887788,0.9855523258502419,0.7203040657237157,0.5550148692984233,0.4029903455472264,-0.5374140069716529,-0.38245080235158924,-0.9886189777933714,-0.6994538865690636,-0.2615611673520098,-0.18408668317344107,0.7770535389637043,0.5387330285457421,0.8903018734664815,0.61161117060742,-0.0559406240789037,-0.039071629309020396,-0.9354791131602563,-0.6316800636052843,-0.7027406137462199,-0.46809964599119996,0.36542240287392,0.24468769864572582,0.9993753451965626,0.6556968201019109,0.4456463978209806,0.2860211740948019,-0.6374147240915412,-0.41320028802922193,-0.9630670964035913,-0.6118210065232502,-0.1449541457355006,-0.08671893916766148,0.8454197324982613,0.5291751062654281,0.39411051093737925,0.23729420034742993,-0.6802316417261031,-0.4149566886718119,-0.9461127084748072,-0.5648325068652791,-0.0871307420075302,-0.048104611733055344,0.8754857372244882,0.5126283160558254,0.7968422814964833,0.4582093823637026,-0.22996297812074581,-0.1325458926278677,-0.998893362115236,-0.5728145070725562,-0.35510352676443324,-0.19996957339216118,0.713416020045529,0.399676670269221,0.9287824234449099,0.5134994206063908,0.03225338149572208,0.018502238633027253,-0.9027854199166166,-0.48634714384298866,-0.7567881107608748,-0.40494895655124474,0.2952760673487068,0.15260036930608695,0.9889491821255508,0.5053336758183772,0.25729014755898705,0.13498610213879714,-0.784498898340502,-0.3877999883017279,-0.8813284253952363,-0.4379682481574311,0.08284274027986328,0.03389238102761709,0.9474732731813758,0.45584045739206197,0.15425128279722725,0.0804932608598193,-0.8450417631936525,-0.3947776277291358,-0.8273058542876949,-0.39064900964975285,0.18665206692261466,0.07942318972777483,0.9755726384732685,0.44612032890386294,0.5906346529174011,0.27412018028301954,-0.5051735217101799,-0.2221114322745255,-0.9930381829017321,-0.44459759654787556,-0.2862514084554792,-0.13248402466143094,0.7646636184165306,0.33241061778120323,0.8962517533647801,0.3926201652101256,-0.05009115130958124,-0.017050165425797903,-0.9358687393102115,-0.3991339159847634,-0.6969886644295791,-0.29825928705446614,0.6573608945499637,0.27861855046265166,0.9527832464555175,0.4059798391790631,0.09712266253700906,0.04406432660239346,-0.8754607827666897,-0.3641181826267548,-0.7911302004148306,-0.3284746626289888,0.24861966634895893,0.10025952542575323,0.9879503801400337,0.4005653023381902,-0.3588712786077202,-0.14033538407418744,-0.9998247519033922,-0.38472532824090466,-0.4276309385701321,-0.16120610270637806,0.6628425613637994,0.25012328374460113,0.9495628104713727,0.35103156289707127,0.0840055658710221,0.028262112286343257,-0.8831161116122795,-0.3194180073757152,-0.7788146610592689,-0.27466783475043577,0.27085770159362,0.09774581838999134,0.9916240906007748,0.3418566607228448,0.5088563512861786,0.1694202621261698,-0.5919208242141533,-0.20017526674511954,-0.9740072876643686,-0.3182630748796436,-0.17342832530841865,-0.05204279630072774,0.8377753729390183,0.267084414717819,0.8316515401842166,0.25593676361060413,-0.5546935091836445,-0.1807375331113989,-0.9826747577629402,-0.3081946181072483,0.19617576930998404,0.061809826206866925,0.9802542618916833,0.28250120618879854,0.5613069524657486,0.15413263755017625,-0.5465890477428867,-0.15473703167800146,-0.7187934165354566,-0.18842372512359928,0.36366207799839795,0.09993030060101558,0.9999999999999999,0.2556920505051435,0.40890459757801284,0.0969910594848472,-0.6840748197045677,-0.17121304295076933,-0.937172465606444,-0.22119134920286607,-0.04032589124849704,-0.0031810150837173895,0.9060894369645194,0.20792989226704414,0.7410998115005233,0.15907185124080478,-0.3331828401507773,-0.07759446299221644,-0.9984136702402954,-0.20810694731564788,0.0029963207713917905,0.006624607793012451,0.9246681467464425,0.161420907428972,0.7077224358911058,0.11213036169398836,-0.38021669954683945,-0.06341872433492628,-0.9999999999999999,-0.14547399931557103,-0.38873835825041186,-0.049209849742913175,0.7014140968363477,0.08964318098295014,0.9281946293687137,0.10428602502001981,0.011531763069360112,-0.0005050550583571743,-0.9190056170805108,-0.08152664768038557,-0.2088977964750202,-0.013856737712981307,0.995443388731276,-0.0010909266264797614,0.4683917060659921,-0.011506906907157236,-0.6427270257868746,0.02214228919077106,-0.9521022051781475,0.05972418778783536,-0.07154992608944902,0.01729348343913669,0.8990247826368489,-0.08567477129766693,-0.6158762175225188,-0.03858830124438072,-0.9600880629759843,-0.0460802814007133,-0.09585284743381547,-0.0032601831432909445,0.8894110997135881,0.014737108652825747,0.7535525462513301,-0.0009539716185593343,-0.33357589858364756,0.003964972340640134,-0.9998654851530394,0.03637292522373303,-0.40134940952173837,0.02848610471240208,0.7055101111417993,-0.04596487844795452,0.9176156080069612,-0.09376254976677659,-0.5840264117753625,0.07067122675170175,-0.9666893932626631,0.2290686383640485,-0.1026258735002348,0.10842700810943985,0.8946691846017634,-0.18850979193004824,0.2153337755665784,-0.19490851831534822,-0.8397634572866844,0.17379505272478427,-0.8015767691801172,0.3748859405028439,0.2830138885106346,0.11354256323739356,0.9978415023493509,-0.336125183625509,0.4052425961464126,-0.41171622519300244,-0.7201757494787747,0.0362692486317109,-0.393914417213869,0.6336510957094903,0.7362564373507091,0.18596252081049705,0.8826998319757197,-0.5402668608337982,-0.1514000269352359,-0.6555212714086032,-0.9832698630395117,0.04110193971696141,-0.4978968424688033,0.74850088331868,0.9202814395149475,0.013951904403430616,0.6721517332144782,-0.669801178613752,-0.4790487146680389,-0.5706182408465791,-0.9866707683129482,0.2550249502448017,-0.16746764008507456,0.8314177587626641,0.8767274513648896,0.41518771671420274,0.05658659833275174,-0.8995203285970967,-0.8190848874976604,-0.7594356195070199,-0.08828620390102035,0.7717464468259476,0.7093551460262838,0.8896365078883998,0.5216004725337999,-0.06844266870194844,-0.3118255719327094,-0.9440590010001477,-0.6594421281916909,-0.6740516973907142,-0.13369906101428092,0.4163422061552182,0.7520951601113974,0.6790210165734254,0.2566532259318055,-0.4110592702910484,-0.515042704365479,-1.0,-0.6527207685672569,-0.8199627126735832
29,-0.10591192977111917,-0.10307067305212286,0.7713607894694157,0.8642815282421162,0.7772764788966956,0.8146659911607549,-0.17089572429626268,-0.19373454251714356,-0.9780947636280677,-0.9936265976963324,-0.5251663240763065,-0.49969738167766947,0.5651572049267728,0.5470531536047196,0.9835105568742547,0.9013098524701281,0.23079125084067714,0.19703318836552589,-0.796796321068654,-0.6966921348951164,-0.8749951850741831,-0.7394541634176748,0.08952181258918777,0.07719975870815307,0.9833269387660638,0.7830591673119264,0.018753671491976424,0.015732077651859425,-0.9081402575034089,-0.6915311347533972,-0.7488394840955455,-0.5638745693790509,0.3058179482690746,0.22417073746973684,0.9952004211324013,0.7275295433146369,0.49563556122075314,0.36016179789359587,-0.594960357292996,-0.4236568821430579,-0.9756840119728519,-0.6904082330566264,-0.1935811801129481,-0.13649775212897713,0.8190840586448391,0.5679038119289489,0.856349291111438,0.5882623101079246,-0.12546708038652515,-0.08640130631910838,-0.95786598921369,-0.6466731922058814,-0.6513728132509333,-0.43365484560079853,0.42946817060095605,0.2870201324410159,0.9999999999999999,0.6558673866538914,0.38211164457026253,0.24463722678263425,-0.6896453191133449,-0.44659513962522207,-0.9419328226774932,-0.5980700711392914,-0.07555139344370217,-0.042971749522578255,0.8806190457057042,0.5508237091160915,0.3290230889167267,0.19731211164349233,-0.7297165490883505,-0.44471033229593565,-0.9211803439666749,-0.5496625959453294,-0.01741660052959868,-0.006880882386056571,0.9070807207928168,0.5308988928090591,0.7527304741834764,0.4326448795363936,-0.29729520060819814,-0.17086848781787425,-0.992920216178656,-0.5692509917585611,-0.28901177261092714,-0.16249493867945505,0.7605629967895999,0.4260318132888967,0.9005708503618044,0.4979127089101624,-0.037545611909279956,-0.019614760935958292,-0.9306446293942283,-0.5014817807338134,-0.7093365136302427,-0.37977623128647864,0.3612105801746161,0.18740167957812626,0.9761773065861441,0.4991472872681726,0.1892462816984405,0.100741144596388,-0.8258923299521118,-0.40878176278266176,-0.8462204497151,-0.4210165118013011,0.15217427324359686,0.06780922720242456,0.9675321992834266,0.4659959708059866,0.08494023745294745,0.0475411516721081,-0.8802841912248492,-0.4118351192847615,-0.7860446940632758,-0.37177270235622145,0.2547341608678511,0.11105675484251777,0.9885444259716781,0.45255234343977563,0.5328630900727147,0.24811144724610348,-0.5641454647483096,-0.24894353336526734,-0.9822858940880846,-0.4402219374300255,-0.2186957777556103,-0.10265176934723365,0.8077543247405781,0.3516430475416585,0.8630652590803441,0.3784755038926998,-0.11964610566054792,-0.047111212151098716,-0.9581799927126844,-0.4089546051057769,-0.6452193836618748,-0.2764653119113734,0.7083380029155365,0.3006680010364571,0.9291722742287735,0.39618894360403817,0.027457439014875393,0.014736852436592823,-0.9070591009691694,-0.37747239704926744,-0.7464838816898897,-0.31012686314156,0.31558196043968867,0.12772086587426035,0.9964023761793815,0.4040718195914378,-0.42311763779343753,-0.1653292349137345,-1.0,-0.38471723360710697,-0.36352713901109523,-0.1368011310986907,0.7134620185929001,0.26903261736101847,0.9252832686970933,0.34189809802132964,0.014276124308620675,0.002776145744358373,-0.9136914574378329,-0.33026356191110806,-0.733140531172798,-0.25829692532791476,0.3373790556512781,0.1209429857191425,0.9982437168230145,0.34390540427848454,0.4475626044220369,0.14853666356658402,-0.6467416453627952,-0.21828840292495497,-0.9557727071170288,-0.3120370886462781,-0.10430644228577103,-0.029751881721231145,0.8738466755146178,0.2782543850697705,0.7908299714842085,0.2430330731836219,-0.6113847438477037,-0.19872055620642573,-0.9672635402212013,-0.3030777913019348,0.26411752294692215,0.08165136379006824,0.9916782374764825,0.285471166613603,0.502208368106736,0.13732389996748945,-0.6036813502031604,-0.17028360176218144,-0.6685460855161878,-0.1747588468095091,0.42776174580734105,0.11653423945868084,0.9992666014031029,0.25512377297723415,0.34420929740489353,0.08068077029927821,-0.733308979070204,-0.18293965607463178,-0.9105484427657623,-0.21445896845030912,0.02947310215650412,0.013044398815536871,0.9334229391519345,0.21371374767977094,0.6924094443963107,0.1480118248846368,-0.3981658474154375,-0.09135737527297197,-1.0,-0.20797801460668588,0.07278071640278473,0.019178971719939132,0.9490455615307971,0.16524119566439954,0.6567023615668551,0.10351759353513487,-0.443809474866889,-0.07312874705568713,-0.9978858154047048,-0.14486399217012713,-0.3235126167549136,-0.04028567467844973,0.7494572679027891,0.09547951948545018,0.8998718348387794,0.10092627964311868,-0.05826723033564193,-0.007564102847091164,-0.9442840057651736,-0.08369146120657643,-0.14013016045477897,-0.009217982524034305,1.0,-0.0011651438795108918,0.40557539876262166,-0.010317942321270134,-0.694655161299118,0.024418751230663276,-0.928327215203278,0.05878051902582251,-0.001759504815041038,0.011630731800022222,0.9274742719067931,-0.08968347776963262,-0.6693331220627089,-0.04192628116883478,-0.9382363373558209,-0.04504180703781601,-0.026181407213010273,-0.0009893028826294613,0.9191452538580774,0.015214351867873465,0.70583985013542,-0.0009809487149542873,-0.39854903960918503,0.005198355660674826,-0.9999999999999999,0.03666323665394368,-0.33644837100673036,0.02504764978121995,0.7532474291627821,-0.05008579747402815,0.8876455218133479,-0.09182104833911085,-0.6392660407176808,0.08385791848803616,-0.9464274909971617,0.22918743139495878,-0.03298759232915836,0.09206135917460821,0.9237007071931695,-0.20263092630359494,0.14666239793243555,-0.1765530722688357,-0.8756079797899018,0.19452688548045907,-0.7579079943907019,0.3708453677543205,0.34925619676451186,0.08606820649490558,1.0,-0.354534962891037,0.3404417974348456,-0.39578547325515157,-0.766817971190402,0.07048368138703823,-0.32882194627103634,0.6263848440301205,0.7816978997407288,0.14058730401362501,0.847768434350808,-0.5701895918806004,-0.2200015913509676,-0.6308890779337684,-0.9936968375915183,0.0944065147492324,-0.4361884100480906,0.7663451827546958,0.9453568301081788,-0.03523832120107964,0.6188649968582333,-0.6894796574926902,-0.5391364447830287,-0.5333300640956677,-0.9727735678974683,0.3073831534889898,-0.09828696087137209,0.834430566635735,0.9081565061676107,0.360892851801609,-0.008223669562122513,-0.9278990518317326,-0.8407803085228487,-0.712197667273621,-0.030846657590056465,0.8142310863035522,0.7309999502085276,0.8555982551264448,0.4832697571885358,-0.1379082163048676,-0.3551057984109114,-0.964780604167062,-0.6521926902809522,-0.6208796676882155,-0.09077252225322717,0.47877420051241504,0.7520921211495373,0.6261489998827376,0.20958356512995077,-0.4736838723290297,-0.5441643027065038,-0.9959140828930662,-0.6549531662825826,-0.7780144135699911
30,-0.04572194369425729,-0.033434569508937174,0.8023439041280109,0.8973292831371155,0.7384110820767483,0.7722220481659139,-0.2376270115336516,-0.2617122698234393,-0.9849342669738855,-0.9992474153299105,-0.46448971345949625,-0.43973579694811904,0.6213306196934042,0.5996703981831144,0.9683715945885669,0.8866068345892527,0.16235105972872363,0.135814330500699,-0.8370305175736902,-0.7312640016429117,-0.839071761025142,-0.7087075161530708,0.15878810670848542,0.13456062658932547,0.9937350432634677,0.7913277483421289,-0.05104532191302473,-0.038355343206094926,-0.935147450445881,-0.7122392316638766,-0.7007464599896365,-0.5278722605579618,0.3714878472125482,0.27286975059120583,1.0,0.7312105701015432,0.43384156650992817,0.31557857816396506,-0.6496081205588132,-0.46279894819056644,-0.9579956117214148,-0.6779989800323304,-0.12465808482308917,-0.0882438177568481,0.8571240831262982,0.5943078250259302,0.818224661090029,0.562047494765504,-0.19438227369040945,-0.133310044849838,-0.9755862384520271,-0.6585157940174133,-0.5968315898852553,-0.3970973223934632,0.4914216125708121,0.3279542330022151,0.9957527553230858,0.6528426332256532,0.3167152817969271,0.20206143149243028,-0.738516031463333,-0.4778142245925544,-0.9162095469220668,-0.5814053984865355,-0.005780562357446402,0.0009847941666727164,0.9115280714419852,0.569788754224547,0.2623326994801581,0.15636873816537228,-0.77564635077429,-0.47229739188323966,-0.8917600814194615,-0.5318147841098251,0.05238239287540336,0.03437636992826372,0.9342564982688772,0.5465829835222967,0.7049514396644504,0.4049725743452945,-0.3631790307622965,-0.20835862891087245,-0.9821096627568451,-0.562914142833628,-0.22151198215262333,-0.12422864495943728,0.8040045870648367,0.45031137213879685,0.867971786620802,0.4799002165461344,-0.10716168686713082,-0.057636199361331755,-0.9539698317855019,-0.5141732487976756,-0.6584291003074619,-0.35275327439785864,0.42538531136267527,0.22128998770481095,0.9586495933340496,0.4905291033085075,0.12028042697642967,0.06600538632397057,-0.8632620971506013,-0.4277719936059171,-0.8069897730657346,-0.40201362532010704,0.22076442844459215,0.10139571363846236,0.982877405766565,0.4738811986918955,0.015215371809960599,0.014357426772271087,-0.9112379631622557,-0.42688619153675283,-0.7409540031023175,-0.3510851558272724,0.32157521558712865,0.1421492626110547,0.9967001243948919,0.4567795684488523,0.47249547181640444,0.22089394017827985,-0.6203689477898889,-0.2745628065851701,-0.9667480071374731,-0.43370156128397064,-0.15007468320974054,-0.07231940493129718,0.8469097331896709,0.3691623077215264,0.8256739976086855,0.3624869479645338,-0.18861815621152003,-0.07694273778640111,-0.975823089506577,-0.41678290849868804,-0.5903066589141952,-0.25332442555884443,0.7558641597327906,0.3212526273322541,0.9010344680820571,0.3844678553205478,-0.042341554390126636,-0.014662418192935678,-0.9342383184089891,-0.38898760389674836,-0.6982007685296532,-0.2902681567507488,0.38100677094134233,0.1545599631026839,1.0,0.4056097395567931,-0.4853026103794614,-0.1895176183396184,-0.9953033486162562,-0.38283483528281664,-0.2976522717724182,-0.11172967813149272,0.7606055605843676,0.2866312511087166,0.8964958398468706,0.33109893997950507,-0.055522869096381364,-0.022723345900635825,-0.939815390326693,-0.3395001055708471,-0.6838946143134821,-0.24066761924911237,0.4022567328630256,0.14355093097901583,0.9999999999999999,0.3442786752737298,0.3840883775379874,0.12692940931295535,-0.6984116062254723,-0.23533805994801346,-0.9328816980145515,-0.30429088908288643,-0.034676388761155814,-0.00731601896463797,0.9056606849258714,0.2880687280276952,0.7461555586570809,0.22894535005368835,-0.665097373495916,-0.21573543272693518,-0.9471399119404958,-0.29648439996267134,0.33077252256106254,0.10109510413645048,0.9982708563714443,0.28705034021012726,0.4406630750601168,0.1198461341479114,-0.657832577807081,-0.18500056725542377,-0.6150416651703017,-0.1602425609604609,0.48977740138917103,0.1325704352156842,0.9936648763700975,0.2533125580723317,0.27783704413461596,0.06397741251081424,-0.7789705308017705,-0.19377500558312846,-0.8794883194399357,-0.20668176516080247,0.09912850557042556,0.029206261714980215,0.9562088986071466,0.2184564111962327,0.6403457280797538,0.13623069979572755,-0.46120903069497904,-0.10467520360460852,-0.996714430279353,-0.20683583391643706,0.14221053169975442,0.03163989762450945,0.9687993217370993,0.168256445404537,0.6024828993485419,0.09440049806613045,-0.505240055036959,-0.08248249387166855,-0.9909100314238891,-0.14354822221650793,-0.25671075430996,-0.031165231856454746,0.79384915849519,0.10085069136658491,0.8671649551843111,0.0970748315768704,-0.12778235165145022,-0.014586299087095083,-0.9649619376928447,-0.08544853834640508,-0.07067982437863563,-0.004534318250818509,0.9996847117883727,-0.0012336846686809002,0.3407831688847762,-0.009078709757549739,-0.7431990066920044,0.026576247569123954,-0.9000295083510638,0.05755047748371298,0.068039488589961,0.005911316404695119,0.9514051997533947,-0.09325525535285624,-0.7195291029133393,-0.04506000046584931,-0.9118136186112471,-0.043783893518617056,0.04361758619199176,0.0012863971622318142,0.9444014247179279,0.015617472289962209,0.6546883732204244,-0.001003146727814603,-0.461580489775756,0.006406413114467592,-0.9952626153666091,0.03677492848055198,-0.26990818984784876,0.021487165218084633,0.7973150014250501,-0.05396270352941498,0.8533509158632757,-0.08943220399375652,-0.6913912297684199,0.09663606287486518,-0.921554689130081,0.22818964629795285,0.036811401075842784,0.07524719655185379,0.9482320527892014,-0.21576486317258034,0.0772764958380186,-0.15733747740128268,-0.9071866282313886,0.21431100280384702,-0.7105467680372611,0.36499807365134423,0.41379696393486093,0.058174534101920965,0.9972865981702979,-0.3712174834550897,0.27398240050726674,-0.37792649427581826,-0.8097243328266618,0.10435472473164234,-0.26212748785903767,0.61606690835462,0.8233310085392086,0.09452716000338615,0.8087067941311246,-0.5973344165510176,-0.2875313301281182,-0.6031832562879894,-0.9992826210368358,0.14725115073135414,-0.3723549115391285,0.7804559254930794,0.9658265372520599,-0.08425686924684314,0.5625632124453871,-0.7057990607865775,-0.5965975563328411,-0.4934435568826335,-0.9541371124420494,0.3582438169074254,-0.028627437464075964,0.8333781126648238,0.935161113759855,0.3048397531918619,-0.07299387256553047,-0.9517571441579314,-0.8583795323998548,-0.6614899595951248,0.02674317053599027,0.8527488737749082,0.7490833961132135,0.8173916136699496,0.44258460016435536,-0.20670188894043398,-0.39665598513436523,-0.9808018932098814,-0.6417658351413449,-0.5646827746553464,-0.047403748888177714,0.5388736550909298,0.7484249649734722,0.5702264482048992,0.1614928342660492,-0.5340007341555617,-0.5706347872639466,-0.986976172483211,-0.6539946980074416,-0.7322757064492224
31,0.014690795096329305,0.036364423896064875,0.8294180799370218,0.9260053399638953,0.6959482206897445,0.7260159169758963,-0.3032006038570305,-0.3284149612583789,-0.9869752695762531,-1.0,-0.40155015564905333,-0.3776318636179243,0.6744769741368263,0.6493661088602197,0.9485148232344154,0.8675843573316654,0.0931199105732415,0.07393379886967988,-0.873186785535121,-0.7622732236811034,-0.7990604636995847,-0.6745081171087993,0.2272808011332257,0.191265928623743,0.999301770519989,0.7957410601263959,-0.12059562764072522,-0.09225590068741617,-0.957598699010474,-0.7294773706317274,-0.6492394695694459,-0.4892982111449684,0.43534789470622925,0.32023936971656586,0.9999276793872472,0.7313292124919444,0.3699339392966693,0.26945789132336717,-0.7010910583596484,-0.499686304282879,-0.9356399531470531,-0.6622865841295362,-0.0551276678745573,-0.039559968374844004,0.8909882852325768,0.6178164301389979,0.7761137227674456,0.5330944405254028,-0.26235045609611357,-0.17956931024233924,-0.9885535296022118,-0.6671501730742686,-0.5393826630069564,-0.3586051809475091,0.5509808978417517,0.3672905735060722,0.9866543033149544,0.6466372961118515,0.24977591400678426,0.15850121321913813,-0.7837887679434041,-0.5067054466873899,-0.8860225903510974,-0.5619081771750195,0.06401843104755653,0.04493654003773594,0.9379962240406831,0.5859778457973861,0.1943642515013111,0.11466355191304008,-0.8177972814069563,-0.4975834660524565,-0.8579952533949823,-0.5113760241039729,0.12192618452777615,0.07546614402379413,0.956880671996507,0.5596041768821433,0.6537379525928507,0.3753272834796863,-0.42729348918515103,-0.244833667707954,-0.9665143697794005,-0.5538348327887411,-0.15293300758357672,-0.08535712176859585,0.843529147810153,0.47239705924877806,0.8311440515836012,0.4595496985664942,-0.1762556808584219,-0.09537684001698732,-0.9726473890490291,-0.5243597164779095,-0.6043138865930443,-0.32401173901500685,0.4874876080733566,0.2541001932553896,0.9364514356263514,0.4795211108653362,0.050728578104734176,0.03094805644422099,-0.8964261381865758,-0.44467816227581497,-0.7638275233603207,-0.38105216886662174,0.28827904154136724,0.13448821034991423,0.9934341323273004,0.4794577250121491,-0.05458362159504233,-0.018896246067597783,-0.9377522753404558,-0.43985751717402727,-0.69225345871868,-0.3286871577100888,0.38684958818069326,0.17254923346094447,0.9999999999999999,0.4587814093157677,0.40982590311648426,0.19260026003808953,-0.6735700556771049,-0.2988444374103474,-0.9465002210732575,-0.42506823472686894,-0.08072243989272643,-0.041634707644056586,0.8819390825497322,0.38488304624624087,0.7842601354171366,0.34473239206294515,-0.2566712780652621,-0.10639940613746585,-0.9887120742977876,-0.4225806874562651,-0.5325180194617034,-0.22894936806907437,0.799707822343027,0.3402721431198896,0.8685069125785134,0.37087367829250945,-0.11193426399829726,-0.04399025499488857,-0.9568660206708277,-0.3986077022389418,-0.6465160914080361,-0.2689952930779011,0.4445753547536373,0.18064605972718442,0.998725724340267,0.4051715696427762,-0.545123237430166,-0.2127826909791967,-0.9857576793655969,-0.3790873041234515,-0.23032727258556684,-0.08611388940346576,0.8040435087404709,0.30283344621308567,0.8633407733803613,0.31868670118404935,-0.1250513606642842,-0.04811213168854456,-0.9613606371037944,-0.3470826388426763,-0.6313168316380768,-0.22186580472115275,0.4651746557069706,0.1654595105328491,0.9968843836966339,0.3429746551698129,0.3187429106869999,0.10470376773605297,-0.7466789759467084,-0.2512411735991044,-0.9054457830522876,-0.29506221489509615,0.03512260464384622,0.01515548670094755,0.9330624065168597,0.2964796290992362,0.6978459509514691,0.21374222819179892,-0.7155697155958107,-0.23169926790484902,-0.9224019132149872,-0.28844656642929745,0.39581603169442486,0.12004631929752474,1.0,0.28723103340334716,0.3769709158071006,0.10178449000965557,-0.7087789112170254,-0.19881622858118975,-0.5585408236554779,-0.144945589461939,0.5494069107036845,0.1479607611382501,0.9832221159422608,0.2502672298473901,0.2101111967133949,0.046962363199584176,-0.820837016409115,-0.2036663027426197,-0.844143417427654,-0.19789762908701072,0.16830096486957039,0.045225834643151754,0.9743363044261278,0.22213477703650825,0.5851623117433185,0.12378587243127524,-0.5220052499375458,-0.11748306486619839,-0.9885729680437692,-0.20468596983441267,0.21094751158123737,0.043946677128284865,0.9838331890312658,0.17045196665574228,0.5453282010059706,0.08482349285965246,-0.5642091564454421,-0.09143439426861857,-0.9791066333759044,-0.1415330997536667,-0.18865822287448386,-0.021892955157573384,0.8343734957848407,0.1057305288168577,0.830233335035302,0.09275044468910765,-0.19667493019464885,-0.021537432344156247,-0.980938672057711,-0.0867893187966671,-0.0008851433028306811,0.00017143676512719756,0.9944990601488682,-0.001296215070154643,0.2743306776635294,-0.007795246632479307,-0.7881220612303905,0.028604267100862987,-0.8673469482048131,0.05604005580025653,0.13750700044585737,0.00016310167004786178,0.970700977101714,-0.09637270270598623,-0.7662196103013889,-0.04797419197000964,-0.8809486355719834,-0.04231266927133702,0.11320407910149083,0.003555830009426945,0.9650565667674523,0.01594450595691709,0.6003473203601429,-0.001020457510652963,-0.5223631661940497,0.007583259167537128,-0.9856764113146004,0.03670745655220591,-0.2020530431191048,0.017821997345889098,0.8374981351462001,-0.057576708717518583,0.8148988700296523,-0.08660765494023835,-0.7401480302461309,0.10894340607719125,-0.8921921654519118,0.22608014418172637,0.10643105303507241,0.05806643715132025,0.9681437071399968,-0.2278476153167968,0.007514110423685898,-0.1373553501593385,-0.9343455546102134,0.2330510184640415,-0.6597238292538534,0.35737254562301646,0.4763217538916456,0.029997441226475168,0.9897145162812081,-0.3860914697544005,0.20618818886502938,-0.35822629540541107,-0.8486857989065961,0.1377173623470546,-0.19415597067515353,0.6027475566284453,0.8609529314250296,0.04800648917144769,0.7657052157013562,-0.6215690879878447,-0.35366024516743466,-0.5725387864493434,-1.0,0.1993783939087473,-0.30670733733013256,0.7907643654136162,0.9815908345909929,-0.13286492629510566,0.503520676610164,-0.7186798820029855,-0.6511521045579769,-0.4511530422612395,-0.9308521968843395,0.40735915246043186,0.041171555940926974,0.8282655242998845,0.9576097104079282,0.24730150594694816,-0.13740845675911675,-0.9709783713480857,-0.8717968174790177,-0.6075595393262189,0.08420270862340123,0.8871121544512506,0.7635173830096355,0.7752027224355726,0.39974321545662317,-0.2744885307506838,-0.43627370376996477,-0.9920448140188441,-0.628212361363005,-0.5057348039060701,-0.003804029223553802,0.596347771389231,0.7411115575994706,0.5115258105903673,0.11261532654680698,-0.5917159980828526,-0.5943251964978478,-0.9732298133715156,-0.6498500333029256,-0.6829694256947288
32,0.07503196180992014,0.10598625348318438,0.8524514142333932,0.9501699918561018,0.6500947695280118,0.6762727092172379,-0.3672970333160378,-0.39351764801422584,-0.9842078278756524,-0.9958806851897383,-0.3366542858439687,-0.31368814580760523,0.7243373445604407,0.6958981731290101,0.9240369830058429,0.8443350962944332,0.023435090573828976,0.011693069202368747,-0.9050889752498534,-0.7895687271969574,-0.7551562241161599,-0.6370225823192925,0.29466620634102947,0.24703940227988816,0.9999999999999999,0.7962776014533387,-0.18955840359278842,-0.14570699669411766,-0.9753846229709726,-0.7431615691766688,-0.5945694497148358,-0.44834035003136,0.4970869710179205,0.36604881482301677,0.9949838116328987,0.7278848924720401,0.3042240311167849,0.22202443272205202,-0.7491583509975818,-0.5341392389290172,-0.9087259507711578,-0.6433475945616776,0.01467132553044386,0.00931661319652697,0.9205116819750323,0.6383150957071195,0.7302216364022165,0.501544203757527,-0.32904049345109143,-0.22495373200558264,-0.9967046873252275,-0.6725342635496072,-0.47930591801304484,-0.31836595110684657,0.6078558595628125,0.4048375112557271,0.9727489707192166,0.6372816070911469,0.18161966307098915,0.11416879296752971,-0.8252429643322263,-0.5331280507798178,-0.8515190207826171,-0.5396733957071191,0.13350553309160418,0.08866935960273939,0.9598945533229047,0.5993121122077872,0.12544888042657767,0.07239973636172853,-0.855963985889303,-0.5204453635919809,-0.8200503587413439,-0.4884458915120242,0.19087596406510682,0.1161882546514709,0.9748430192754785,0.5698990349434352,0.5993395199297266,0.34385343581673083,-0.48932621668008525,-0.28011590148655574,-0.9462103159460756,-0.5420572951097903,-0.08360895877435688,-0.046069747260566674,0.8789441193385907,0.4921812753712851,0.7902670662733937,0.4369603006492128,-0.24449097488972807,-0.13265281429532655,-0.9865863060032831,-0.5319915563279175,-0.5472545163685646,-0.2936916510092206,0.5472149141595892,0.28567244820649096,0.9096909806560513,0.46617693977132285,-0.019070415300266975,-0.004260049255637079,-0.9252228811857456,-0.45941790363799795,-0.7169439827407693,-0.35823426454964774,0.35438918812546244,0.16692549401924975,0.9991509476549868,0.4826983814910655,-0.12411668908235887,-0.05205785829606849,-0.9596979526957263,-0.4506859012019526,-0.6401803250692395,-0.3046878288000597,0.4502392684666262,0.20210856179000006,0.9984279761247564,0.4585481132730428,0.3451597038121346,0.1633682507911041,-0.723489597960087,-0.3216701281761992,-0.9216411810738425,-0.41436401845788756,-0.01097692496274626,-0.010747170246279547,0.9126717133518177,0.39872867325795214,0.7390254366793894,0.3252983345996048,-0.32347392325277513,-0.13533770727705904,-0.9967841532480096,-0.42631969578221746,-0.47213500574691836,-0.2034588922719818,0.8396553888291571,0.3576338872302817,0.831748078698896,0.3554726419839209,-0.18098164112386284,-0.07310377569639134,-0.9748319678637942,-0.406285823923733,-0.5916816528766484,-0.246411911376489,0.5059780121261309,0.20585206690717314,0.992585757343107,0.4027594445691634,-0.6022880788637054,-0.23501110773716505,-0.9714094977890838,-0.37349289772411937,-0.16188014207909507,-0.060078562462403035,0.8435642377441628,0.31756026720821656,0.8259795974486528,0.30472185281469977,-0.1939706145731513,-0.07326652000708189,-0.9782222314925595,-0.3529742203866889,-0.575663336818677,-0.2019830822944644,0.5258262943875043,0.1865619879832976,0.9889120468823657,0.33999969702160054,0.2518445604150724,0.08196801992752704,-0.7913086007530402,-0.265920265507095,-0.8735986272500849,-0.2843960272558871,0.10475048424953531,0.03755315635875025,0.955918341854403,0.30344611121983384,0.6461365079200527,0.19749777567945312,-0.7625558739701392,-0.24653428753985937,-0.8931700650878112,-0.27900345021882744,0.45893116490865865,0.1384126808579948,0.9968572441482042,0.28601236587418843,0.31144219214525776,0.08322696206741428,-0.7562721450177272,-0.21166327722624556,-0.4993188273921316,-0.1289424576214386,0.6063597647754406,0.16263023710551452,0.9679891961986954,0.24600262483540605,0.14136170866209152,0.029718517975486407,-0.8587044665827627,-0.21256535814761404,-0.8046859335386645,-0.18814935565690716,0.23665347878542453,0.06102507185102645,0.9877168417098872,0.22473092457197152,0.527128043444381,0.11073797273925048,-0.5802583120741996,-0.12971856044511623,-0.9756152776788833,-0.20153889628231675,0.2786567763906645,0.0560393528385955,0.9940739199230384,0.17181706305917255,0.48551671848429856,0.07483323612239019,-0.6204294875578291,-0.09994083548764504,-0.9625331262295669,-0.13882844225568308,-0.11968656754101978,-0.012514018181836239,0.870832849273958,0.11009525775873033,0.7892569015327626,0.08797418695806151,-0.2646093282476357,-0.02838363739577198,-0.9921363718159228,-0.08770727040978359,0.06891385010217135,0.004876356558385968,0.9844683090550143,-0.001352430442101677,0.2065416749563274,-0.006473805849390889,-0.8292054643082148,0.030492929518577436,-0.8304387609123184,0.05425661259806799,0.20630459201773857,-0.005585907679541092,0.9852675968641149,-0.09902063193888294,-0.8091771727681759,-0.050654658033241,-0.8457917593328603,-0.04063530195262163,0.18223905311684166,0.005807939210246929,0.9810100502308322,0.016193859593586,0.5430814357017696,-0.0010327967270754516,-0.5806009417744061,0.008723160344208907,-0.9712880908665132,0.03646114958535812,-0.1332135142745854,0.014070002494085293,0.8736010621379346,-0.060910205968340854,0.7724767188145913,-0.08336116209762229,-0.7852989039199026,0.12071998795606181,-0.8584829712265039,0.22286920232854304,0.17553218360232717,0.04060278390580333,0.9833386626670713,-0.23882031678235233,-0.06228488298131704,-0.11670404145832904,-0.9569524433670642,0.25065563298848564,-0.6056867822895283,0.3480059344753762,0.5365259521431653,0.001674203832706235,0.9773206447545519,-0.3990844572228464,0.13738944909260759,-0.3367808540325705,-0.8835125530838557,0.17040905481641283,-0.12523854511862825,0.5864916793943487,0.894380378171634,0.0012519355498601791,0.718973198429111,-0.6427755373079006,-0.4180661630420971,-0.5391049651945147,-0.9958454794828124,0.2505342855924631,-0.239565515803778,0.7972202808332137,0.9925729200529644,-0.18082567877799532,0.4420250386522161,-0.7280593670757245,-0.702534305183287,-0.4066645553676939,-0.903032262992345,0.45448987517024864,0.11076996566393428,0.8191177095575157,0.9753929288054854,0.18855843062372127,-0.201153600763624,-0.9854690895154373,-0.8809667960961325,-0.5506691500533869,0.14125201957842418,0.9171535138833076,0.7742315899645337,0.7292371214605936,0.3549543219852326,-0.34093789203060865,-0.47376594077487644,-0.9984545922139028,-0.6115983001077901,-0.4443229440284478,0.039814223289068695,0.6509165412899939,0.7301875292131179,0.45033307064503536,0.06318916827668053,-0.6465484811465693,-0.6151201131157716,-0.954741976437793,-0.6425393645588545,-0.6303357865500976
33,0.13500758034775948,0.17509172869703477,0.8713316909277361,0.9697055110587397,0.6010741219964353,0.623234768797967,-0.4296040285492964,-0.4567031563452014,-0.9766454245698662,-0.9869095397868083,-0.2701182701986228,-0.24821617088273373,0.7706688162514932,0.7390398914497568,0.8950573274799379,0.8169723195403212,-0.046363902831173955,-0.0506046279227147,-0.9325816624563943,-0.8130175312410785,-0.7075729393168795,-0.5964335375420122,0.3606160274112849,0.301609324800441,0.9958263299996591,0.7929347583475453,-0.2575976700568934,-0.19844822285934285,-0.9884185710936759,-0.7532251592589214,-0.5370027472671274,-0.40519821979941306,0.5564042895738185,0.410074906898747,0.9851924827636978,0.7208943904227456,0.23703197403779394,0.17350929340233534,-0.7935758194545892,-0.5659899008945808,-0.8773847269079188,-0.621274280182188,0.08439884171221895,0.05814780516490839,0.9455504383324156,0.6557039542921645,0.6807719836260593,0.46755049404399224,-0.39412747859701197,-0.26924220179876596,-0.9999999999999999,-0.6746418346958396,-0.4168940427662345,-0.2765756743544239,0.6617694086375406,0.44041212134466834,0.9541045029185189,0.6248211461400169,0.1125785793930551,0.06928015383278929,-0.8626766599519546,-0.5569533085986906,-0.8128669361392763,-0.5148093797031137,0.20234220959836055,0.13197019096077228,0.9771163728296011,0.6097265902501551,0.05592233501648162,0.029783196572457624,-0.8899605198735959,-0.5407717036350702,-0.7781102611710915,-0.4631360996350384,0.2588958150922971,0.15634430778168817,0.9880560293554174,0.5774174021925333,0.5420211653709041,0.3107043687785036,-0.5489749960342549,-0.31403343875026773,-0.9212964205661898,-0.5276389087764732,-0.013877575522329733,-0.006557925574797831,0.9100769634687657,0.5095676337940725,0.7455399792536691,0.4122420760702636,-0.31153513346752,-0.1692825173966351,-0.9957186736459976,-0.5370315867911001,-0.487528977150169,-0.2619407268014992,0.6042762441898856,0.31585293570562356,0.8784986026698117,0.4505616014866854,-0.08877649955887845,-0.039447400423742125,-0.9495120313108574,-0.4719194071541825,-0.6665675631042624,-0.33367107890537023,0.4187727862080853,0.1985495334610147,1.0,0.48358737997602896,-0.1930450725366339,-0.0849658498717592,-0.9769680780939639,-0.45931858882201065,-0.5849882972267628,-0.2792040914152303,0.5114354282944826,0.23068323752189634,0.9919917115114624,0.45608081691554675,0.27881192112614606,0.13334032784798358,-0.769884371646728,-0.3429286744117442,-0.8922919978832834,-0.4016410623427044,0.05882206844225577,0.020192726284635587,0.9389578993078931,0.4106317342536164,0.6901902803007163,0.3042794563489683,-0.3887006360016874,-0.16361665671089784,-0.9999999999999999,-0.42798171740382485,-0.4094517977429792,-0.1769771852033571,0.8755122386627763,0.3732532749913204,0.7909370517868828,0.3383397786955726,-0.24914729388608212,-0.10186114215106713,-0.988048631699095,-0.41198456191407606,-0.5339646008080787,-0.22262803561209052,0.5649155954842779,0.2300551835093675,0.9816100123105425,0.39838511596684745,-0.6565186333188084,-0.2560945740014724,-0.9523287067850834,-0.3660788714704502,-0.09264434779254892,-0.033750538804099464,0.8789752065763446,0.3307399665025551,0.7845943319453543,0.2892724302089709,-0.26194486314567417,-0.09806396120486895,-0.9903180255000475,-0.35714614700982206,-0.5172052680877727,-0.18111631859410585,0.583916160217656,0.20675555418143746,0.9761218299807779,0.33536829452614886,0.1837192487601276,0.058832932165310194,-0.8320830495985656,-0.2793038206117466,-0.8374953867497464,-0.272344290759276,0.17386803002544254,0.059767870813603186,0.9741171391190073,0.30893423438886486,0.5912791527714631,0.18029113385640358,-0.8058269367783333,-0.26016821690751546,-0.8595867821846683,-0.26820105724422005,0.5198104316190585,0.1561047097505192,0.9888579000066579,0.28340027484835306,0.24439615342934126,0.06426396073192508,-0.8000808969481131,-0.2234791236609734,-0.4376641999930841,-0.11231113108865663,0.6603584950242798,0.17650739490513476,0.948040330393183,0.2405395197633212,0.07192352057581396,0.01232988711910661,-0.8923883949118904,-0.2204288164947083,-0.7613081006682216,-0.17748443747875026,0.30385304074096053,0.07652700104306212,0.9962853218257861,0.22623220563279373,0.46652566030450665,0.09715056877538183,-0.6356844140417911,-0.14132208023680984,-0.957904487749651,-0.1974099454861524,0.3450084533959992,0.06785901045493285,0.999471622600907,0.17234508400236936,0.42333984731413943,0.06447839938094996,-0.6736271485721884,-0.10796037500219338,-0.9412702544457304,-0.135447426542016,-0.05013181128134931,-0.003074114167422136,0.9030495926572247,0.11392361367153903,0.7444352877417832,0.08276932783129018,-0.3312545762518351,-0.0350915602191086,-0.9985004828998466,-0.08819792101776758,0.13837710215667162,0.009557519232661927,0.9696413273178529,-0.001402056908880623,0.13774642197023645,-0.005120825334948927,-0.8662490617153712,0.03223303344881598,-0.7894847594520716,0.05220883663315723,0.27409708835497276,-0.011307703048408654,0.9950340919333465,-0.1011861426064925,-0.8481925053874413,-0.05308833969432282,-0.8065142706609579,-0.03875996352743939,0.2503861767840128,0.00803175271504654,0.9921841513402732,0.016364318374116036,0.4831697128790109,-0.0010401042616599927,-0.6360100879282418,0.009820563160532715,-0.9521677524732619,0.03603720756279241,-0.06372498257909587,0.010249460004442016,0.905447892569006,-0.06394695481835797,0.7262911386745552,-0.07970854205270138,-0.8266238802717463,0.1319084341883415,-0.8205913342596868,0.21857246412434905,0.24377813901550485,0.0229413179784749,0.9937428910744884,-0.24862950967067826,-0.13178043069728776,-0.09548416239838436,-0.9748971560123536,0.26703907846482605,-0.548698890205311,0.33694387339640586,0.5941162498872438,-0.026657190113845264,0.9601653652865787,-0.4101331453315322,0.06792136173454397,-0.31369465019197573,-0.914034922912862,0.20227053150016383,-0.0557109699592213,0.5673784736521809,0.9234504936185871,-0.04550871737588094,0.668738416005051,-0.6608504488217639,-0.4804353045942839,-0.5030446787398989,-0.9868392998916221,0.30046959942039075,-0.17125655516546887,0.7997922191808943,0.9987192900215185,-0.22790546673041107,0.37837589913815767,-0.7338918200963419,-0.7504938292922455,-0.36019483963817506,-0.8708128466875373,0.49940636889339957,0.17982871524878669,0.8059792356716067,0.9884241309000565,0.12889671758032284,-0.26391874464509857,-0.9951587013376758,-0.8858447930371395,-0.49109595603456435,0.19761316489266584,0.9427265935876747,0.7811738184386116,0.6797187505325188,0.3084361267370149,-0.4057262381715157,-0.5089500377391187,-1.0,-0.5920045934120964,-0.38074638743070516,0.08323850490793748,0.7023141112314923,0.7157061005826324,0.3869463532468411,0.01345515873046432,-0.6982310450009644,-0.6329182263742527,-0.9316027325651931,-0.6320983086184838,-0.5746312148145248
34,0.19432545552505906,0.24334417460883223,0.8859669272098343,0.9845167224859558,0.5491251017622528,0.5671604912324536,-0.48981803613911024,-0.5176636528061056,-0.9643249029276305,-0.9731302703098371,-0.20226626549306273,-0.18153491172392378,0.8132456669371257,0.7785810817073892,0.8617170426253996,0.7856293357671796,-0.11593701596206486,-0.11265578438731651,-0.9555309055462284,-0.8325053955972297,-0.6565424302822304,-0.5529387285231165,0.4248089634449872,0.35470983700822795,0.9868010942196727,0.7857288168046058,-0.32438194656610675,-0.2502226292307416,-0.9966370432934982,-0.7596191120791925,-0.4768198214140608,-0.3600820045709872,0.613010862360478,0.45210315524865324,0.9706013951496739,0.7103917633673622,0.1686851210076598,0.1241488342462557,-0.8341270662891763,-0.5950831169560918,-0.8417689728495885,-0.596174179959923,0.15371517522091224,0.10669570687152208,0.9659825680006416,0.6698982891230297,0.6280056781766351,0.4312789253214856,-0.45729431428476175,-0.3122189506489161,-0.9984234131944206,-0.6734626186381941,-0.3524511016491113,-0.2334379487178371,0.7124588836742151,0.4738410878484901,0.930811733885852,0.6093166193716952,0.042989024192679075,0.024053988752593375,-0.8959074816003517,-0.5780651458828217,-0.7702546454921637,-0.4874372641496526,0.2701930951993198,0.17462807681404038,0.9895777795872651,0.6171705416343266,-0.013876658388519527,-0.01297844395671677,-0.9196212556635834,-0.5584634582962309,-0.7323792886237835,-0.4355699552349085,0.32565435173247403,0.19573866716006796,0.9964553297793816,0.5821226498999438,0.4820621381781701,0.27604158128748063,-0.6059492243905179,-0.34642103666691854,-0.8918940616336978,-0.5106499187176748,0.055921417882671416,0.03298584566517005,0.9367760041135363,0.5244714299265743,0.6971806963964382,0.38551544953512923,-0.3770615241904587,-0.20508749308940452,-1.0,-0.5394552533456629,-0.4254282457613392,-0.22891365370298977,0.6583936011001258,0.3444946194514252,0.8430262677977365,0.43275117236989885,-0.1580500736354198,-0.07444256782221974,-0.969175254264038,-0.48212176675588503,-0.6129436933034484,-0.30748228130516597,0.4811161653711973,0.22920625953388765,0.9959771528646619,0.4821203893557827,-0.2610329598023316,-0.11745989636761123,-0.9894785132202154,-0.46571352244787073,-0.5269462652030154,-0.25236009976252227,0.570139926124998,0.2581340477087847,0.9807225629943425,0.45139154066312154,0.2111057947865055,0.10266278423090901,-0.8125283460632122,-0.36251650661662516,-0.8585956577719148,-0.3869613513446061,0.1283344866425808,0.05103424588285694,0.9606695767622584,0.42053423871655465,0.6379925862541036,0.28177815917306476,-0.4520336383240492,-0.1910984822399293,-0.9983439472716388,-0.4275586551188124,-0.34477378173838696,-0.14963326307810607,0.9071036808758128,0.38705421031588905,0.7462726590632774,0.31955855801521504,-0.31609912607668855,-0.13012225136023056,-0.996451621919059,-0.41567615253131723,-0.47364612687830465,-0.19775953843668187,0.6211009668463425,0.25313749438256977,0.9658519619690948,0.3920698951250729,-0.7075506949854029,-0.27593037324378067,-0.9286082660493731,-0.3568813457530965,-0.022957199556134743,-0.007258085913334604,0.9101038965563664,0.34230833392595866,0.7393866017239633,0.2724137014008266,-0.32864294267555866,-0.12238364464102137,-0.9975890896337192,-0.3595780935049285,-0.4562274272800365,-0.15936717439530546,0.6391612452102747,0.22594182810260047,0.9585760456429471,0.329103011410869,0.11469887539261953,0.03541121627145019,-0.8688036734671424,-0.2913266355778997,-0.7973119529099053,-0.25896572025403813,0.24213850823621905,0.08169140220969762,0.9875701355997363,0.31291726102191403,0.533541145025745,0.1622061317520075,-0.8451720917519838,-0.2725346328744158,-0.821815678884083,-0.2560920156781948,0.5781572341577704,0.17303621218872917,0.976040939575928,0.2794074861707526,0.17615944122053412,0.04498787183954117,-0.8399917351724182,-0.2342062022692679,-0.3738773166055218,-0.0951326360146866,0.7111400250643657,0.18952462641923887,0.9234727073946764,0.23390453032989755,0.002134928327019797,-0.005118813707921111,-0.9217246966835749,-0.22721836780526747,-0.714221251257746,-0.16595483296187014,0.3695722612252075,0.09165609837848283,1.0,0.22663130612855473,0.4036504110426256,0.08308985700598091,-0.6880135254429431,-0.1522370930592353,-0.9355268834443246,-0.19231923327915781,0.40967928389651537,0.07934806579349733,1.0,0.17203345702037387,0.3591005069618401,0.05380943035907207,-0.7235429658314682,-0.11545394242186996,-0.9154216085983894,-0.1314065245813639,0.01966718212365362,0.006380766622207011,0.9308667691992928,0.1171969451901016,0.695986860059298,0.07716122485926842,-0.3962859852581308,-0.041628520488449186,-1.0,-0.08825888022017703,0.20716619487908222,0.014192118633954831,0.9500903505020039,-0.0014448526953337714,0.06828008226252666,-0.0037428966742185867,-0.8990723807689015,0.03381610128014503,-0.7446844676025046,0.049906704464183695,0.34055421122988616,-0.016974408424670916,0.9999528809271556,-0.10285868455851868,-0.8830755293804716,-0.055263380300835156,-0.7633075255329261,-0.036695790456089325,0.31731344416662277,0.010216436327967409,0.9985244309983862,0.016455051840462902,0.4209040357831569,-0.0010423445128326415,-0.6883206568652003,0.010870121180297966,-0.9284085485015288,0.03543769588742821,0.006074010825906157,0.0063789831759292134,0.9328834718827843,-0.06667216053242536,0.6765671411134253,-0.07566759000317426,-0.863921628170848,0.14245423578864475,-0.778701858797909,0.21321086284576837,0.3108364318398918,0.005168084256008566,0.9993057040072769,-0.25722740458003984,-0.20063395740142564,-0.07379909409726865,-0.9880922677098705,0.2821215363935601,-0.4890377922830332,0.3242402556357283,0.6488120729822283,-0.05485871290973349,0.9383322566744149,-0.41918370598260224,-0.0018776316704571848,-0.2890801575481222,-0.9401042064759059,0.2331465664866087,0.01408802344578163,0.5455010570190637,0.9480216510855497,-0.09204765640508825,0.6152456072395663,-0.675705763377422,-0.5404638136356736,-0.4645336091763375,-0.9730253384280995,0.3489410555630408,-0.10211324980504224,0.7984676502315582,0.9999999999999999,-0.27387492215789483,0.31288335027770897,-0.736148825939998,-0.794797022904268,-0.3119702908565977,-0.8343509177274692,0.5418898049874535,0.24801135740926444,0.7889141119662555,0.9966398299849288,0.06860703268552582,-0.32539810293168325,-1.0,-0.8864070431912768,-0.42913019188273416,0.2530115587315549,0.9637068040906279,0.7843102465925745,0.6268888581769384,0.2604152616832243,-0.4685379268635117,-0.5416545812789749,-0.9966735083057457,-0.5695266998453925,-0.31531487270589315,0.12625725689800116,0.7502900774194399,0.6977378237726343,0.32167447211134126,-0.03634440299658014,-0.7465118973900556,-0.647632825654556,-0.9039248138239149,-0.6185777332568237,-0.5161270975621048
35,0.25269659661656696,0.31041107216280633,0.8962858216796503,0.9945314674044956,0.49450079923014617,0.5083230647644275,-0.5476456994931898,-0.5761021439859052,-0.9473062872919318,-0.9546100079746294,-0.13342883987375523,-0.11396923272302122,0.8518604664806098,0.81432910319764,0.8241785589586842,0.7504588448413648,-0.18494529560513842,-0.17415809319450473,-0.9738248981138721,-0.8479373773491806,-0.6023133125226603,-0.5067500576000636,0.486932272910434,0.4060822385454197,0.9729682627015473,0.774694883447379,-0.3895858668384109,-0.3007779761048202,-1.0,-0.7623122769420602,-0.41431387732082586,-0.3132115060116081,0.6666309078453522,0.49192880247143717,0.9512816351029924,0.6964281790491835,0.09951645102414722,0.07418353444912548,-0.8706145299029617,-0.6212771478893392,-0.8020522049698565,-0.5681695790601129,0.22228262384732553,0.1547237978192739,0.981708527697796,0.6808289468272276,0.5721797921900457,0.3929062090268196,-0.51823325804038,-0.35367460015564395,-0.9919826078809286,-0.6690023603987688,-0.2862910541930137,-0.18916293686019697,0.7596773306457446,0.5049615482026532,0.9029841436505612,0.5908435632820869,-0.026809969212322964,-0.021289364942907268,-0.9247735320546967,-0.5963607078831166,-0.7238897516379401,-0.4576904032422773,0.3367276272001837,0.21643519223062344,0.9972180628747911,0.6216077001774215,-0.0836080461087295,-0.0556768548115232,-0.9448016891359831,-0.5734344351251228,-0.6830802378008094,-0.40588175779621327,0.39082633310567133,0.2341794074276259,1.0,0.5839918545718058,0.41975455270495027,0.24003394696002864,-0.6599713290353533,-0.37712090611504895,-0.8581464844858039,-0.49117309358523437,0.12544796776095035,0.07236891318078334,0.9589111662306611,0.5368200539721577,0.645424819266722,0.3569106304817373,-0.44075090906963327,-0.2398933031311651,-0.999409426873651,-0.539250748131778,-0.3612548707230578,-0.19477133629395935,0.7093033305672983,0.3714579600397368,0.8034467936896543,0.4128324230413215,-0.22655364364034902,-0.10907505851320826,-0.9841167527996003,-0.48997527757266324,-0.5563336234417446,-0.27979546093845375,0.541115594938247,0.25874631575004337,0.9871020051558403,0.47830455666116717,-0.3277491207268153,-0.1493816900553886,-0.9971683084920906,-0.4698395466057245,-0.46633700394365224,-0.2242866350709197,0.6260667595456971,0.2843272547627795,0.9646754327322017,0.4445031301983046,0.14237118223494713,0.07148507784868997,-0.8512137640527401,-0.38033819484130205,-0.8207163259216154,-0.3703964035399762,0.19722167212411976,0.08162713176508148,0.9777009686048062,0.4283879426404199,0.5826866564580508,0.25790406712991154,-0.5131643781987586,-0.2176492951726401,-0.9918240631853529,-0.42505257004410707,-0.27841606252570467,-0.12156034273622084,0.9342758051373651,0.39896945643435183,0.6979725009597821,0.29922048016212127,-0.3815109550992206,-0.15774941804060846,-0.9999999999999999,-0.4173426107170465,-0.4110200966291232,-0.171927576668729,0.6742603967307822,0.27498654482843216,0.9453883779560334,0.38384454916497684,-0.7551356407887758,-0.29442186744406934,-0.9003637391848468,-0.345945129992821,0.0468417938488664,0.019269727642419434,0.9367986518356883,0.3522090095551881,0.6905766543018559,0.2542278004223873,-0.39373990682379917,-0.14610708726244312,-1.0,-0.3602582116731425,-0.39302689230641347,-0.13684160934238382,0.691292400864492,0.24402733614884078,0.936360175166471,0.32123437150531425,0.045119700633688364,0.011816980491438402,-0.9012915731704271,-0.3019301364595681,-0.7532440953810047,-0.24432549479086585,0.3092293119745456,0.10321694130581717,0.9962117896500261,0.31537578621359746,0.4732037784528291,0.14333087767861874,-0.8803996532510201,-0.28357328750503746,-0.7800407722045979,-0.24273531955406485,0.6336873127678285,0.18912469959469513,0.9584688057988762,0.2740534523064706,0.10706449792158479,0.025492606557719826,-0.875810218098637,-0.24379225180243155,-0.3082689405134747,-0.07749066430075215,0.7584569523858822,0.20161851300437691,0.8944060181928947,0.22612998153670774,-0.06766406507798224,-0.022542576189105195,-0.9465704483844596,-0.23290093406778978,-0.6636547877044122,-0.15361671318052125,0.43349096280203897,0.10633865641584275,0.9988427786938624,0.22592628168175663,0.33880861755294167,0.06862433980540969,-0.7369907041070165,-0.16241042206709547,-0.908591486201691,-0.18629156109948902,0.4723541981067062,0.09045054533155561,0.9956564779187418,0.17088370032851777,0.29311166503627856,0.042878307201389645,-0.7699337544915013,-0.12238502983945684,-0.8851131206918158,-0.12672542324188912,0.08937035899428658,0.015804560958244944,0.9541488564122225,0.11989930497229372,0.6441476543549598,0.07117720015595164,-0.4593867287787752,-0.04796267079045413,-0.996627617619802,-0.08788985102990542,0.274945994724315,0.018757575459849886,0.9259106290012578,-0.0014806093046913376,-0.0015189111424744898,-0.0023467329971261813,-0.9275155095577653,0.03523442046521986,-0.6962561478821995,0.047361431847665024,0.40535218822007546,-0.022558416189349537,0.9999999999999999,-0.10403010933869458,-0.9136562981608018,-0.05716918327357736,-0.7163820228679025,-0.03445283918228519,0.38269479234548875,0.01235134649005106,1.0,0.01646561794829907,0.3565877565340923,-0.0010395065663148732,-0.7372777967516618,0.011866721062333564,-0.900126231404797,0.034665535319885206,0.0758434122607218,0.0024774285825964297,0.9557741366946687,-0.06907254618224094,0.6235469764490832,-0.07125799306123133,-0.8970104367385995,0.15230601467163557,-0.7330186261549055,0.20681051967528422,0.37638036081352283,-0.012630327853458807,0.9999999999999999,-0.2645721134306955,-0.26851001563275695,-0.0517544840279706,-0.9964734932017921,0.29582952655574235,-0.4269941513946594,0.3099569719421096,0.7003469488760039,-0.08279296957070369,0.9119276876285617,-0.4261920457543238,-0.0716674774426996,-0.26305729543493017,-0.9615933968439436,0.26288673483694175,0.0838183814166781,0.5209660140697249,0.9679741423632263,-0.13813814850488684,0.558755383719882,-0.6872691073756114,-0.5978592373042645,-0.42375937856362317,-0.95447089532392,0.39571250595841995,-0.03247245895595345,0.7932530271519815,0.9964088104981299,-0.3185100864944351,0.24586646518563327,-0.7348193887010954,-0.8352280453134181,-0.262225854177111,-0.7938241149648941,0.5817332084221819,0.3149857131664597,0.7680054780087735,1.0,0.00798310122384047,-0.38529215436968606,-0.9999693991819727,-0.8826508073323106,-0.36507374857206737,0.30717730568893753,0.979991931915521,0.7836255940637286,0.5710048263189688,0.2111256796513648,-0.5290669458730948,-0.571720238145768,-0.9884913234642967,-0.5442741294456656,-0.24834717561659816,0.1686608962237917,0.7946107057690937,0.6763702384215765,0.25483542528231906,-0.08596689844555061,-0.7911558188541747,-0.6591922229080945,-0.8718430642518912,-0.6020435093579526,-0.45510846097127533
36,0.3098366252903314,0.37596567817561427,0.9022381017205789,0.999700954983794,0.4374673385112368,0.4470091394213263,-0.602805288048493,-0.6317339234297921,-0.9256724906474416,-0.9314389816376313,-0.0639413623588011,-0.04584830707643759,0.886325087460115,0.846109795153188,0.782624760198861,0.7116321938593422,-0.2530525403586581,-0.23481192127795805,-0.9873745136664414,-0.8592382934330537,-0.5451497848488032,-0.45809255133472104,0.546683297288522,0.455476248235662,0.9543952276099676,0.7598867144900538,-0.4528917639285111,-0.34986796291341127,-0.9984910572261501,-0.7612915330190282,-0.3497894376639699,-0.26481507247885083,0.717003194556709,0.5293578220170906,0.9273273265525842,0.6790716666473926,0.029862946894602765,0.02385681992906065,-0.9028604470409267,-0.6444443790086298,-0.7584279193695169,-0.5373969130833284,0.28976713387412584,0.20199808997683072,0.9926517021290033,0.68844267433917,0.5135663037712174,0.3526192931765685,-0.576647421455452,-0.39340718256166096,-0.9807089630155839,-0.6612827899073631,-0.2187362254987639,-0.14396634218876594,0.8031947060248675,0.533621886652531,0.8707573054350536,0.5694919767435555,-0.09647834714225123,-0.06652899899240554,-0.9491341788187818,-0.6117508604605737,-0.6739981396788791,-0.42571372069718366,0.401621656049071,0.2571878571466493,1.0,0.6230164484890397,-0.15293210383254918,-0.09810401362630579,-0.9653791437500461,-0.5856116970275131,-0.6304532887222548,-0.37421614523262625,0.4540942478697026,0.27147924916182775,0.9986727707402671,0.58301590963085,0.35540196524453116,0.20285689137111487,-0.7107781197052159,-0.40598348041664845,-0.8202181039260782,-0.4693033225133933,0.19436334775028358,0.11139940662587755,0.9763746095353233,0.5465533446757518,0.5905244972954141,0.32656697871316875,-0.5022929998239487,-0.27353037711406114,-0.9939498314798575,-0.5364190674782907,-0.29532149826782633,-0.15968011251285189,0.756757405506869,0.39661159478555846,0.7599530075649052,0.3909023956454575,-0.29395346706655334,-0.14317614648330698,-0.9942637334385932,-0.49544167808925005,-0.4970131520890929,-0.2507455052109901,0.5984787637195078,0.2870257859249543,0.9734177957010463,0.4721584722455044,-0.3928685208803427,-0.18057571116501026,-1.0,-0.4716765597206212,-0.4034557956771073,-0.19512046843846612,0.6789434586458997,0.30913524801204506,0.9439285007306248,0.4354491451644598,0.07294295159464038,0.03995910335284705,-0.8857521541475117,-0.39630691361217346,-0.7788385466295422,-0.3520269216894159,0.2651480134437249,0.11182233846647792,0.9899690996064688,0.4341545835691463,0.5245419358431924,0.23277349239612757,-0.5717950328059881,-0.24313974261730112,-0.980472111961034,-0.4204756715742816,-0.21070192824268277,-0.09289519262372839,0.9568962315893643,0.4089409634653363,0.6462718909915609,0.27742463020721475,-0.44506410109785655,-0.18460804541320863,-0.9986764786005895,-0.41697581765449476,-0.3463916177847595,-0.14525800102934497,0.7241348977387687,0.2954958884694418,0.9203189567956774,0.3737491511452684,-0.7990416416561962,-0.31147896790135365,-0.8677327306872584,-0.33332350433350344,0.11641257874275829,0.045703661022086534,0.9589294182499385,0.3603937582937907,0.6384022868365116,0.23480332715517888,-0.4569186097245929,-0.16911871084135588,-0.9975390108859293,-0.3591831880471138,-0.32791156982039704,-0.11364936572401595,0.7400556494301678,0.2609239675429064,0.9095824520391794,0.3118007100321518,-0.02467929277131368,-0.011834826429688953,-0.9293884709267376,-0.31106266406631683,-0.705506508335239,-0.2284949400765852,0.3748135815885556,0.12423961783922599,1.0,0.3162978322763114,0.4105610106375685,0.12375732997674918,-0.9113379961368814,-0.2932304015836219,-0.7344655852923558,-0.22819604135273647,0.6861301304881078,0.20429179047498405,0.9362271083449196,0.267364257570308,0.03744794715084719,0.005873143859257122,-0.9073618416784148,-0.25219056999072526,-0.24115870913033055,-0.05947116585967832,0.8020787536752016,0.21273013446077982,0.8609818727758557,0.21725375020397733,-0.13713340595949236,-0.03985651350506824,-0.9668046040097441,-0.23744883039065395,-0.6098550647357283,-0.14053018821405505,0.4952977399824574,0.12050314320826869,0.9928192957732532,0.22412056710063546,0.27231618253546286,0.05382449171940142,-0.7823773381427255,-0.17179250382408304,-0.8772295225695793,-0.1793562951601057,0.532727850144599,0.10111235890481585,0.9864622175601022,0.1689014154258306,0.22569481254214174,0.03173828524113443,-0.8125735032931225,-0.12871986969376614,-0.850492450632491,-0.12142692837877479,0.1586381324593773,0.025151357061963336,0.9727824263074192,0.12201752739289681,0.5891702260280992,0.06484640728818213,-0.5202493863342019,-0.0540631517815588,-0.9883997656672181,-0.08709263132007301,0.3413862853207249,0.023231647263609385,0.8972199639882281,-0.0015091525343467753,-0.07131050456507082,-0.0009391362727645536,-0.9514398760175967,0.0364810810955397,-0.6444357381968358,0.04458541909593901,0.4681753300951169,-0.028032521617917718,0.9951752195924928,-0.1046947098832424,-0.9397858252969028,-0.05879646373203694,-0.6659663789979353,-0.0320420371391722,0.44621168996439275,0.014426082133588137,0.9966036695212623,0.016395965220609248,0.2905342175792695,-0.0010316042482968538,-0.7826429933232555,0.012805507472192152,-0.8674585897890335,0.03372448774883113,0.14524331221475548,-0.0014361957937604637,0.9740083659866569,-0.07113641733020477,0.5674889535942035,-0.0665012343399225,-0.9257291006257344,0.16141577396089324,-0.6837642004480495,0.19940261644146284,0.44009060250289356,-0.030367206275220698,0.9958223965123715,-0.27062785353941265,-0.3350779200584595,-0.029457731314830257,-0.9999999999999999,0.3080962650012251,-0.36287023792199274,0.2941636090379552,0.7484698048334862,-0.1103238672062463,0.8810802985552327,-0.43112402071980505,-0.14110816646883087,-0.2357528446208053,-0.9783978008415879,0.2913461454404314,0.15314038465870766,0.4938928770671586,0.9832107609197303,-0.1835556454307689,0.4995429601366091,-0.6954841453667159,-0.6523419508653081,-0.3809206348546918,-0.9312663659608015,0.4405560848016516,0.0373265344490477,0.784173755061636,0.9879632174301765,-0.36159350170609644,0.177651743389583,-0.7299099852642279,-0.8715899206426311,-0.21120387949492403,-0.749429880909131,0.6187424661410948,0.380425490191361,0.7433551985620737,0.9984882705347197,-0.052679723104550435,-0.4433091011610317,-0.9950670479677036,-0.8745943854637703,-0.2992387026554432,0.3598465156903583,0.9915026375565662,0.7791231964103733,0.512338916344377,0.16080751453052236,-0.5870184039040092,-0.5990005314814323,-0.97549330825773,-0.5163699101975235,-0.18016955605146995,0.21024283661691456,0.8350600706342296,0.6517074452574273,0.18675484587728872,-0.13517057180665806,-0.8319453086955421,-0.6675401019133953,-0.8355137829081904,-0.5825761899986915,-0.3918725817059378
37,0.3654671610703513,0.43968861719629015,0.9037947684225816,0.9999999999999999,0.37830258089316376,0.3835174304841645,-0.6550280698341984,-0.6842879587003993,-0.8995289106767903,-0.9037300782100137,0.005857631046200031,0.022495986913565,0.9164716217066007,0.873768325237408,0.7372580922765146,0.6693385423618549,-0.3199269385723028,-0.29432176928415704,-0.9961137398389669,-0.8663530869216521,-0.48533034222142585,-0.40720326420657654,0.6037709355946335,0.5026512234288125,0.9311724749049449,0.7413764538432787,-0.5139912178692726,-0.39725342817529297,-0.9921175663894646,-0.7565618532718847,-0.28356085902752476,-0.21512848653209213,0.7638823137770947,0.56420786346474,0.898855172481829,0.6584067853457413,-0.03993604651039927,-0.026586122619619408,-0.9307077188361232,-0.6644719418927133,-0.711108649182917,-0.5040061033649498,0.35583992755198185,0.2482882677447975,0.9987587772484383,0.6927023783437473,0.4524507719439198,0.3106144515751286,-0.632252216597589,-0.4312231247193893,-0.9646574026629475,-0.650341516135442,-0.15011573590117255,-0.09806835796963734,0.8427989975330856,0.5596824729101214,0.8342882251556848,0.5453658825394626,-0.16567669226287116,-0.11144451044628441,-0.9688707392702959,-0.6241606243388486,-0.620822876533359,-0.3916630036974469,0.464559024560555,0.29668752867508874,0.9979100376448575,0.6213899232890135,-0.22151109171917885,-0.14005321954808247,-0.9812533682153312,-0.5949359176074673,-0.5747548345939885,-0.34072738922554124,0.5151498611035085,0.30745647128311276,0.9924801081277232,0.579199569782727,0.2893178951343214,0.1646915373985445,-0.7581220708230413,-0.43286814401097473,-0.77829370321206,-0.4451471528284719,0.26233180904671277,0.14988717335971968,0.9890812538871617,0.5536238824234359,0.5327471993325981,0.2946323254507074,-0.5613879695734376,-0.3058348385948365,-0.9836478124185821,-0.5309740070487053,-0.2279493491586472,-0.12381094327457062,0.8005246344357986,0.41983297770884354,0.7127568067775094,0.36706793107138014,-0.3599211787493086,-0.17657969465975495,-0.9995667611113139,-0.4984943365518096,-0.43527128261905057,-0.2204739425869885,0.652926204122802,0.3139068953225694,0.9549911925932113,0.4637120792142652,-0.4560739050911468,-0.21088998556124303,-0.997959792027558,-0.47121561204932105,-0.33860899132925826,-0.16500369449722124,0.7285124134627387,0.33243716540716245,0.9185828439568495,0.4242736956665691,0.003159350226364432,0.008238452122144082,-0.9159752487827718,-0.41034486493655825,-0.7331663442268668,-0.3319424000620067,0.3317825802944156,0.14147275797520706,0.9974142006661949,0.4378060670077901,0.46384169964367683,0.2065088686056987,-0.6276399594900225,-0.267445637676252,-0.9643433991639532,-0.41385025789861307,-0.14196127534494452,-0.06377746647056452,0.9748547557879326,0.41692015122891934,0.5914227093334519,0.25427719534056487,-0.5064489395336322,-0.21056728094529148,-0.9924875057840455,-0.414577560322593,-0.2800755537977121,-0.11788074301022917,0.770481486314756,0.3145656058449706,0.890765834187951,0.3618328848303136,-0.8390547919648523,-0.3270185741367788,-0.8308742155499508,-0.3190779600666345,0.1854162132547652,0.07191493075936929,0.9763883769297229,0.3668227048686397,0.5831176876016732,0.2142349156804188,-0.5178712510881047,-0.19130640506080232,-0.9902181119830931,-0.3563582600338873,-0.26119869512777294,-0.08990343381983557,0.7852134212619524,0.2765494035950882,0.8783733346364614,0.30084798684181047,-0.09435805114268772,-0.035428975266083455,-0.9529574814744955,-0.3186797256416441,-0.6543317644981302,-0.2115511809824825,0.438571797109194,0.14465701144304427,0.9989163108696224,0.31567890709432217,0.3459180308479301,0.1035808490032762,-0.9378363919129387,-0.30145892662110774,-0.685312155876792,-0.21254501497612338,0.7352301911822083,0.2184635922874178,0.9094242065283266,0.25937249104662424,-0.03235104625415484,-0.013774932205721527,-0.9344928895732287,-0.2593602410721317,-0.1728735767574922,-0.041161929876557285,0.8417929079012898,0.2228053560856482,0.823363110220248,0.20731908043852373,-0.2059346466717688,-0.05697627389359687,-0.9823285847871519,-0.24083989988012777,-0.5530841891940677,-0.12675901429665476,0.5546914763608375,0.1340805507999179,0.9819588970414835,0.22122295964512056,0.20449705044979827,0.038762416120154825,-0.8239523084312984,-0.1803376297709618,-0.8415937848823122,-0.17154722337953404,0.5905061056462036,0.11128156322927031,0.9724620124363456,0.16609625980509968,0.1571783976080629,0.020443637545505683,-0.8512544756663024,-0.13442759928180345,-0.811728266844887,-0.11553685372639122,0.22713303688937528,0.03437561828228142,0.9866766980053943,0.1235412926852007,0.5313224195832139,0.058199689242442655,-0.5785774411746953,-0.05990024253159288,-0.9753565294099004,-0.08587110506496991,0.40616337625108323,0.02759253681713771,0.8641581334988835,-0.0015303433245543573,-0.14075468037753297,0.0004730358291163351,-0.9707289230398725,0.03755000956582752,-0.5894757023734297,0.04159219066408819,0.5287175688227544,-0.03337005541898262,0.9855020455497943,-0.1048492483251145,-0.9613368103590981,-0.06013729372939387,-0.6123062138721965,-0.02947512951197153,0.5075546890828341,0.016430535355075132,0.9883519861428676,0.016246432998481275,0.22306522512079802,-0.0010186760580776283,-0.8241952319023768,0.01368190673685128,-0.8305647771204503,0.03261913786343841,0.21393560135148731,-0.005342823168576152,0.9874973244265366,-0.07285371900354344,0.5086661816012028,-0.061420488289590146,-0.9499377053885847,0.16973913182487027,-0.6311785442883476,0.1910232437042194,0.5016567670146213,-0.04795613872051016,0.9867932464086518,-0.2753651219491027,-0.40001335853955033,-0.007017463495805424,-0.9986546073178563,0.31886198941335014,-0.2969784571257589,0.27693711059979,0.7929461911377403,-0.13731727805047575,0.8459403748332244,-0.43395560279277434,-0.20986139069207013,-0.20729982964548094,-0.9904355491017349,0.3183861469093474,0.2217163033402976,0.46441354361345955,0.9936572754810332,-0.22807887770306007,0.4378968134654334,-0.7003108545114155,-0.7036465200149193,-0.33622608410275656,-0.9035248004732895,0.48325331868427246,0.10694367673026497,0.7712740672615,0.9747043668766183,-0.40291526972469843,0.10857152015722948,-0.7214445337494481,-0.9037054974903854,-0.15915294074197756,-0.7013844998060065,0.6527372727607437,0.4440118724682866,0.7150833673097826,0.9921120065830842,-0.11308589711732167,-0.4991662905727974,-0.9853168301195254,-0.8622770276631708,-0.23194579585884925,0.4107625896389811,0.9981828420129324,0.7708249888612968,0.4511769426694831,0.10970591136320203,-0.6421099672779852,-0.623362554439042,-0.9577427877095759,-0.48594998865222094,-0.11111416851983938,0.2508004950435758,0.8714411067751806,0.6238695989293874,0.11776441563567573,-0.18371570772922055,-0.8686816446197938,-0.6726357926430703,-0.7951139623997128,-0.5602706180021106,-0.32672753861342146
38,0.4193171775782658,0.5012694374713293,0.9009482378619619,0.9954271455358547,0.3172947711278216,0.3181572631767227,-0.7040596207068629,-0.7335082118206036,-0.8690029162736518,-0.8716182926839869,0.07562808666155288,0.09073068271661514,0.9421531983355369,0.8971699438719569,0.6882995770375214,0.6237839407676554,-0.38524268490016844,-0.3523977112155259,-1.0,-0.8692470952562761,-0.4231464189519828,-0.35433012370714795,0.6579170625933698,0.5473773323877422,0.9034131435033153,0.7192542816362794,-0.5725865582627929,-0.4427035146668807,-0.9809105784966387,-0.7481462802249323,-0.2159508003893371,-0.16439381622359145,0.8070398751499399,0.596309140915565,0.8660038863633481,0.6345342123687041,-0.10954047551116,-0.0768995402513231,-0.9540206761795627,-0.681262264268381,-0.6603249291378892,-0.46815982657349353,0.42017910487170906,0.2933688100301622,1.0,0.6935873059912334,0.38913094543590415,0.2670963275884701,-0.6847767424942318,-0.4669381911598807,-0.9439061284115601,-0.63623184386901,-0.08076389752785174,-0.05169259456827751,0.8782972570431826,0.5830163424187799,0.7937545765057165,0.5185828205756244,-0.23406787719255093,-0.15581707544763254,-0.9838870588706311,-0.6335295403957509,-0.5646230267382655,-0.3557041439135236,0.5252331082016899,0.3347417683867502,0.9909583578958755,0.6167360488446201,-0.289010899833168,-0.1813201002623203,-0.9923470249059146,-0.6013616701995874,-0.516256232685734,-0.30557864362794673,0.5736957159966994,0.34193579638172195,0.9814521821921327,0.5725614278515596,0.22182429732115028,0.12572382281050382,-0.8017725274179797,-0.4576439175194327,-0.7325775338098023,-0.41882227096100555,0.3290222161389676,0.18764470485155926,0.9969691937921622,0.5579972202660309,0.47237441056619467,0.26126225311498896,-0.6177479135656845,-0.33664930348438665,-0.9685535600911357,-0.5229420946300993,-0.15946665373375563,-0.08733857956608722,0.8403917878142121,0.44100897656619453,0.6620881264735571,0.34144514843466184,-0.42413539062834926,-0.2091229643135511,-1.0,-0.499118380715164,-0.37140881521340446,-0.18912825307666706,0.7041926536915225,0.33925868187998354,0.931911968390441,0.4530065275452691,-0.517057343080737,-0.2401768251464094,-0.9910576242629253,-0.4684589492825443,-0.27211251801250985,-0.1340830391424985,0.7745321290309976,0.35411948234888324,0.8887619439029409,0.4110312273712336,-0.0666396431786376,-0.02352233601917247,-0.9417358040794722,-0.4223836573266935,-0.6839222290927415,-0.31024068842822927,0.39680073576458197,0.17043393642787363,1.0,0.4393246032960838,0.4008816733087019,0.17923815436562168,-0.6804270873815682,-0.29044856447198514,-0.9435165022616049,-0.4052086073665448,-0.07252900138362497,-0.03434902291164528,0.9880638856083598,0.42286814592438227,0.5336921756850733,0.22989094753807063,-0.5653664096440695,-0.2355006538507592,-0.9814632336038169,-0.4101595227899901,-0.21239498986565852,-0.08992918186049909,0.8130743665379473,0.33210279120884734,0.8568729899755294,0.3481538050717796,-0.8749801516685477,-0.34096497875080134,-0.7899677647536677,-0.3032779000519254,0.2535165186137692,0.09777583818285662,0.9890904695833223,0.3714645280982581,0.5249921976076246,0.19262277323128157,-0.5763008757725515,-0.21256207370484512,-0.9780729699750519,-0.35179719039878277,-0.1932132866480857,-0.0657195014231459,0.826545712234727,0.29082751875160384,0.8428848706411732,0.28842956250070967,-0.1635771065737327,-0.05885051769629004,-0.9718837789634608,-0.3247442116272192,-0.5999691820775859,-0.19357676579968353,0.5001933349194008,0.1643696506279845,0.9929660018834047,0.3135220260089021,0.27958977318355954,0.08289973254536982,-0.9597657430585806,-0.3082187740706409,-0.6328199545251331,-0.19585849065149671,0.7807482842899496,0.23157106143811076,0.8781906813925291,0.2501170878185927,-0.10199242861372243,-0.033355898185645244,-0.9570711820449385,-0.2652663351298349,-0.10374622169588248,-0.02265215710865992,0.87740593169681,0.23179509241198337,0.7817330053558176,0.1963743729528148,-0.27373259448594034,-0.07381845160295136,-0.993066759442801,-0.2430576215865277,-0.4936187430784833,-0.11237028320337308,0.6113828116237784,0.14700473142579937,0.9663144932694908,0.2172475761674689,0.13568162929031388,0.023511493925955657,-0.8615130658965915,-0.18800416891307178,-0.8018578868718097,-0.1629023907705239,0.6454074747585663,0.12090861496365565,0.9537240701395384,0.16248189990253595,0.08789622532035483,0.009049390502742487,-0.885788221801837,-0.13948041111875484,-0.7690094245358546,-0.10908389513637662,0.29452137199498124,0.04343240494575329,0.9957639800110815,0.12446317721786959,0.4708860637184619,0.05126942816092632,-0.6340867248801865,-0.06544550532116435,-0.9575614541837931,-0.08423122341772357,0.46896168003974453,0.03181899830488494,0.8268862114480038,-0.0015440784359142836,-0.2095131135358059,0.0018829033479871643,-0.985288676326428,0.03843599816402438,-0.5316438001819521,0.03839632926015439,0.5866839487015919,-0.03854501366439262,0.971027604603496,-0.10449297176855621,-0.9782042591144621,-0.06118514087668083,-0.5556629544212777,-0.026764622016618198,0.5664249327752812,0.018354940659903788,0.975285151236779,0.016017749787870444,0.15450948130797598,-0.001000784980500408,-0.8617320741594838,0.014491649127188928,-0.7896245363458158,0.03135487081723929,0.28158561774316443,-0.009223420845973194,0.9961752951646943,-0.07421608468112711,0.44736523910238696,-0.056040507794276787,-0.9695183091381859,0.17723553770071443,-0.5755178497067184,0.1817132249252385,0.5607789101838172,-0.06531143367848795,0.9729565388005399,-0.27876083916426186,-0.4629999721470387,0.015456992699978009,-0.9924438697732701,0.3280742502649484,-0.2296398271385785,0.25836140239640415,0.8335594233054447,-0.16364169291912847,0.8066791146386578,-0.4346729967900019,-0.2775921913150491,-0.17783687073783047,-0.9976479949248915,0.3438750030745845,0.2892120424788585,0.43267163405796183,0.9992627916782726,-0.27149093260959173,0.37411727753628793,-0.7017257195679364,-0.7515229940493202,-0.2898934736663994,-0.8713813529798671,0.5235961909747173,0.17603980016839144,0.7546168097338646,0.9566968546245779,-0.4422740750501019,0.03896234739224099,-0.7094642769855921,-0.9314183119945257,-0.10632662485973385,-0.6499220439227502,0.6835520090004233,0.5054350735344642,0.6833277217718869,0.9809022726621258,-0.17294112800669348,-0.5525915919929124,-0.9707662477187063,-0.84575874285958,-0.16352287245994254,0.45967746954059374,0.9999999999999999,0.7587713994495449,0.38781688028205114,0.05806983202331983,-0.6940732354360524,-0.6446876176916095,-0.9353262405716692,-0.4531625676097269,-0.041517443928337325,0.29013627866876235,0.9035765694408765,0.5929923226265161,0.04820024899872336,-0.2313657991907647,-0.9011858508910315,-0.6744544694041018,-0.7508404265909998,-0.535235463872829,-0.2599907117953195
39,0.47112432294663487,0.5604081234344366,0.8937123780494789,0.9860046700786453,0.2547411331319045,0.2512470656641403,-0.7496610638792703,-0.7791548866648067,-0.834243227014296,-0.8352600704507683,0.14503008984079757,0.1585233477536845,0.9632446992870907,0.9162006407231685,0.6359877354468338,0.575190326516579,-0.448681567591658,-0.4087568069207452,-0.9990143606806815,-0.8679062191192239,-0.35890096886393413,-0.29973072246215626,0.7088578837967425,0.5894366740054553,0.871252474077309,0.6936279748683356,-0.6283923145006552,-0.48599679413541197,-0.9649246928661636,-0.7360858137041253,-0.14728865115895026,-0.11285823576725806,0.8462656193744194,0.625505260172634,0.8289335163609113,0.607570252492162,-0.17861123432620046,-0.12683831105283713,-0.9726857406864783,-0.6947335453727765,-0.6063241724137324,-0.43003272216623334,0.4824712118287564,0.33702008896238844,0.9963693232712101,0.6910931460030826,0.32391531207703067,0.22227693714222957,-0.7339651049349603,-0.5003783816695041,-0.9185562383836642,-0.6190225140130494,-0.011018585564134698,-0.005064990042303085,0.9095165406030957,0.6035098149117712,0.7493538353469439,0.4892732752377051,-0.30131870695296764,-0.19943051532007638,-0.9941099796201298,-0.6398119642140119,-0.5056723903126112,-0.31801232929570916,0.5833483089359127,0.3711651798509553,0.9791788286380106,0.6090774983643464,-0.3551026758944441,-0.2217036076743128,-0.9986060666415306,-0.6048576491831584,-0.4552424823057306,-0.2689411495952552,0.629446583029247,0.37474924465162585,0.9656427198801308,0.5631338241975731,0.15324999382913096,0.08614359439544485,-0.8415168288532305,-0.4801900958639416,-0.6832923203012601,-0.3904569290892851,0.3941096600673902,0.22448805020334137,1.0,0.5596520517411744,0.40970026115442326,0.22661933734408407,-0.6710982518188428,-0.36582364680723056,-0.9487406121775886,-0.5123624608924107,-0.090207052801406,-0.05044071107720209,0.8761646368782816,0.46003642401978173,0.608193819370292,0.3141588793567168,-0.4862832575181874,-0.2406474079061768,-0.9955613394083347,-0.4973107702988785,-0.305736881393923,-0.15686114972846166,0.7520283474366561,0.3629576342414426,0.9042925627531364,0.4400939736101297,-0.5755217296692586,-0.2682935473819517,-0.9793271233736476,-0.46342000160419194,-0.20429033986066003,-0.10250914469905424,0.8167784019223152,0.37407656476856666,0.8546110849963756,0.3957862562528595,-0.13611397494066685,-0.05516852570386056,-0.9629083172016493,-0.4323646389961899,-0.6313461136060985,-0.28702751534571386,0.4598857179363721,0.19856477787422225,0.9977138998534536,0.43870279427787373,0.3359685917578527,0.15109420985443237,-0.7298992428996826,-0.3120364550573984,-0.9180928878021857,-0.3945928212308137,-0.0027433734181532537,-0.00475323436585224,0.9964592674979372,0.4267559695194589,0.47336154740330677,0.2043846941477282,-0.621529471437152,-0.25928669124310766,-0.9656573712058099,-0.4037432292914457,-0.14367965889284912,-0.0615394947763944,0.851706030177314,0.34802200515681003,0.8188055466885191,0.3327785549712343,-0.9066426960260111,-0.35325023626202984,-0.7452126704147872,-0.28600030059355136,0.3203817169774765,0.12316039155110932,0.9969738128921377,0.3742966134864656,0.46430899839886275,0.17007219199333562,-0.6319228205197974,-0.23278216129246343,-0.9611627547728434,-0.34552220021458535,-0.1242865624575824,-0.04121539022162449,0.8638511555815774,0.3036887514706413,0.8032899562826129,0.27460593832394387,-0.23199923078426288,-0.08198534631991304,-0.986075156374732,-0.32922657645692055,-0.5426836101106514,-0.17465926407217713,0.559377981081137,0.1832814973974442,0.9821780623486043,0.30983769712789055,0.21189938224850519,0.061814736923554624,-0.9770192119793562,-0.31347701063494465,-0.5772447179658681,-0.1782177634480429,0.8224626502371729,0.2435503396549188,0.8426786995324062,0.23964313928039102,-0.17113691411332616,-0.052774357582531656,-0.9749867199221842,-0.2698800782672643,-0.03411342547070417,-0.004032025308316504,0.9087443219896394,0.23965554634804853,0.7362943758688212,0.1844729492615628,-0.3401969446152789,-0.09030099323630066,-0.9989668126691661,-0.24409119099262472,-0.43174843606500235,-0.09743409538574575,0.6650955512844743,0.15921271977703833,0.9459623024198826,0.2122137843363793,0.06620518087159762,0.00814602609671635,-0.8948766183038259,-0.1947547706423501,-0.758215417838941,-0.15346391408857082,0.6971644835300368,0.1299466120796293,0.9303396800410201,0.15807594451627058,0.01818583145818457,-0.0023889442609083666,-0.9160064967598732,-0.14385368841325755,-0.7225440456110408,-0.10209949077433238,0.36047482858141244,0.052277593298139524,1.0,0.12477868966212785,0.4081555982845752,0.04408938757899484,-0.6865068018002347,-0.07067192418737016,-0.9351012358066434,-0.08218097571687905,0.5294752496631162,0.03589044083132534,0.7855857828932609,-0.001550290952344657,-0.2772508198651186,0.003283597551015454,-0.9950482022227926,0.039134730442739143,-0.47122178283663535,0.035013404799650656,0.6417920633556193,-0.043532184477760916,0.9518224147749237,-0.10362761595713835,-0.9903059950481687,-0.061934900167925466,-0.49631256091146403,-0.023923719973170304,0.622535611132083,0.02018992253886958,0.9574668251091858,0.015711029710391684,0.08520098283346111,-0.0009780181790967446,-0.895070644372291,0.015230789659674391,-0.7448373242028857,0.029937845992199192,0.347863777310085,-0.013059082944143627,1.0,-0.07521687705431906,0.38388477812766086,-0.050387503578162,-0.9843755171413054,0.18386846985253455,-0.5170532900121698,0.17151791758017113,0.617168994871895,-0.08234853789666606,0.9543796847366407,-0.2807984615919544,-0.5237308964308227,0.03785614398105919,-0.9813980454552576,0.33568816634716403,-0.1611824149968945,0.23852698341094034,0.8701116377519044,-0.189168861909084,0.7634877948846734,-0.43327270764004544,-0.3439705906854107,-0.1475075084720451,-1.0,0.3676885347910365,0.3552987696179553,0.3988217917933343,0.9999999999999999,-0.3135803109826214,0.30851507983712373,-0.6997218474559449,-0.7957381235995385,-0.24214853136633083,-0.8349926231256745,0.5613881552544379,0.24427827539555722,0.7342831349630221,0.934028411463638,-0.4794781655390969,-0.03083664601276105,-0.6940275815793618,-0.9545933501084697,-0.052982296349089124,-0.5952932331714388,0.7110365485626604,0.5643958457285368,0.6482429722613816,0.9649136814687098,-0.23195380710439653,-0.6033247227231491,-0.951486189740084,-0.8251200064761491,-0.0943032820636718,0.5063528470172217,0.9969452585067162,0.7430211520511091,0.32256741303710157,0.006150842298979112,-0.7426550485590718,-0.6628718276745561,-0.9083528780083624,-0.4181673840895806,0.02828154947666383,0.32805854750867147,0.9313098978874556,0.5592260473351889,-0.0215987444062778,-0.27788869973546143,-0.929299570283614,-0.6729872717861226,-0.7029088716981517,-0.5075926963652401,-0.19198723636352577
40,0.5206361979708592,0.6168165573521989,0.8821224413667931,0.9717784789816554,0.19094642194185624,0.18311281770290713,-0.7916102337041236,-0.821005597221553,-0.795419188610762,-0.794832545114362,0.2137255210007124,0.22554370297521,0.9796433688887367,0.9307677001489437,0.5805774255383113,0.5237944428126422,-0.509934518787156,-0.4631244805507387,-0.9931616238166993,-0.8623369911242509,-0.2929069893321796,-0.24367106326615717,0.7563452206444042,0.628624339397382,0.8348471501755911,0.6646223823300741,-0.6811366065480461,-0.5269223460751434,-0.9442377911259356,-0.7204392110900386,-0.07790892642552046,-0.06077282133073681,0.8813684425676286,0.6516539806777109,0.7878246655908703,0.577646271418227,-0.2468118171615413,-0.17615913835264416,-0.9866119780387982,-0.7048201544784881,-0.5493694652690676,-0.38981054156331735,0.5424127675396122,0.3790294398983319,0.9878844353541373,0.6852320496760448,0.25712159587757194,0.17637463580143226,-0.7795776631623611,-0.5313807790014935,-0.8887312346953128,-0.5987973686927427,0.05878040784086823,0.04158729060602761,0.9363047510014741,0.6210630482511071,0.701302317627144,0.4575800396844044,-0.3671015422615617,-0.24207234976856717,-0.9994896964765052,-0.6429772884562962,-0.4442581688313651,-0.2787711905760536,0.6386214953469681,0.40578031186832103,0.9626288385537328,0.5984515835362976,-0.41946442741356027,-0.26100699739528577,-1.0,-0.6054068224999878,-0.3920108363127463,-0.2309934013156045,0.6821308495810252,0.40573695227124945,0.9451287433029394,0.55096268915811,0.08392907177181246,0.046143683047615625,-0.8771613448872851,-0.5003968363299417,-0.6306781752925132,-0.36018932030763445,0.4572770413477305,0.2602377123399936,0.9981589067274863,0.5585803146762622,0.3450300932532322,0.1908723549413341,-0.7211790668477012,-0.3932157340952941,-0.9243054953685852,-0.4992866487477491,-0.020507972175388318,-0.013297100514230442,0.9076688999032411,0.47682262025824423,0.5513364531144825,0.2853420597976853,-0.5460620012584205,-0.27099944151727656,-0.9862724040445476,-0.49308031179920053,-0.23857542822085348,-0.12382983462640682,0.7962002346667028,0.3848882934932506,0.8722675346492684,0.42503732607365285,-0.6311822322420753,-0.29510317042342304,-0.9628254391809117,-0.4561233182608394,-0.13547287970820135,-0.07043583600681859,0.8550454125417454,0.3922111837667423,0.8162966467889141,0.3786130542783173,-0.20492517309891317,-0.08654593987683946,-0.9793896377936256,-0.4402391836056385,-0.5756941433166558,-0.26241597306033976,0.5207301831179277,0.2257282316824294,0.9905670378766718,0.4359436693441925,0.26941870499940235,0.1222141495407691,-0.7758154026756062,-0.3321041353995673,-0.8881964170797682,-0.3820546185343778,0.06705561998684878,0.02486571145997854,1.0,0.4285646809283967,0.41072474924472857,0.17788269907217563,-0.6746645041213168,-0.28180950993912685,-0.9451469231628274,-0.39535993936392055,-0.07426433506454345,-0.03284999345966753,0.8861882676508482,0.36224569087869835,0.7767489650840873,0.3157820412016521,-0.9338881683038416,-0.3638144941307796,-0.6968269748541612,-0.26732933641933504,0.3856860478207281,0.14794491987176456,1.0,0.37530516339793096,0.40136373242207973,0.1466930361315951,-0.6844661008061292,-0.25186815758944536,-0.9395698512451237,-0.3375638606027125,-0.05475432662802643,-0.016510481781899528,0.8969480029324495,0.31507044311920057,0.7597814940034665,0.25944446161895585,-0.299291078062895,-0.10472075057740422,-0.9954624747440735,-0.3321049824998636,-0.48275413814562185,-0.15489083996679845,0.6158373939475247,0.20130041513497546,0.966605050022235,0.30464387013124833,0.14317663882318582,0.04042858611704297,-0.9895127415089962,-0.3172080187140339,-0.5188572031651089,-0.159708777215457,0.8601700608260981,0.25434306509852284,0.803061271753927,0.22800167345645905,-0.23944763776999395,-0.07193570561413609,-0.9881522205052915,-0.2731789927916263,0.03568556793429787,0.014607750114031738,0.9356554012923946,0.24634842255239722,0.6872685941946424,0.17167279190466417,-0.4050038894269308,-0.10634359750762722,-1.0,-0.24393557265216642,-0.36777469407021374,-0.08202321844944009,0.7155680122744831,0.17064503976153045,0.9210014783206822,0.20614610827965774,-0.0035938125334053204,-0.007259128352830877,-0.9238804217793679,-0.2005565467057401,-0.7108789995059079,-0.14327777664331692,0.7455249770164791,0.13835152236373896,0.9024227685387594,0.1528998590180603,-0.05161316194681836,-0.013815640328256204,-0.941762080142347,-0.14752612499793305,-0.6725585047258832,-0.09461766795624056,0.4246720880377972,0.060868090470902435,0.9993641205085672,0.12448629287306223,0.34343663980350414,0.03669454793262834,-0.7355822865893349,-0.07555403654285209,-0.9080852982046912,-0.07973035056314469,0.5874092690927951,0.03978702873773001,0.7404580593710691,-0.0015489506070899093,-0.3436377880692018,0.004668294396841196,-0.9999599532998231,0.03964280224854624,-0.4085040203323864,0.03145989855049807,0.6937734315896902,-0.04830727086419332,0.9279800418184221,-0.10225739681738881,-0.9975830597192111,-0.06238291885122635,-0.43454418249405236,-0.020966263970816894,0.67561335856851,0.021926541144709957,0.9349838168538885,0.015327767075431072,0.015477393734952688,-0.0009504865714345644,-0.9240485203779037,0.015895727315931574,-0.6964213394872247,0.028374966990826835,0.41244717952109544,-0.01683112250290462,0.9989528053549541,-0.07585122036327642,0.3185340691018606,-0.04448901650954856,-0.9944369465739937,0.18960561330162723,-0.4560696986626969,0.1604869921815742,0.6705522942545681,-0.09898444831585772,0.9311531887826151,-0.28146806214053344,-0.58191025643244,0.06007086393395037,-0.9655709485095735,0.34166664342619285,-0.09193973833134449,0.21753048493894647,0.9024247557625531,-0.21377441921900597,0.7165768393395344,-0.4297615574108869,-0.40867319991375756,-0.11645950445238604,-0.9974801055947566,0.38971072492590925,0.41965451686597993,0.3630289298485164,0.9958653088413758,-0.35414195760152645,0.2414098276808187,-0.6943090008389423,-0.8360764969988977,-0.19322386576212944,-0.7945358931447781,0.5964450928722993,0.31132665141976223,0.7103721065685223,0.9068094757702547,-0.5143462866025611,-0.10048540637807685,-0.6752096535590858,-0.9731177053760734,0.0006201565836072318,-0.537764213626782,0.7350569895334446,0.6206069380950937,0.6100000481511735,0.944224127811962,-0.2898364305698022,-0.6511185160502678,-0.9275705866881054,-0.800461368361939,-0.024624255556519606,0.5505613243215932,0.9890334999265744,0.7236509802881056,0.25574642978019907,-0.04579811371076106,-0.7876187209369357,-0.6778265927447155,-0.8769541115307107,-0.3811349311081879,0.09794275801546698,0.36438254808144777,0.9545059781264703,0.5227352789544493,-0.09129251089963153,-0.3230577544683202,-0.95288583558264,-0.6682413478284456,-0.6515528154385426,-0.4774769882639987,-0.12304841841465672
41,0.5676115857727373,0.6702199230047247,0.8662348928204059,0.9528178808178985,0.1262214389779761,0.11408646250026326,-0.8297027580427537,-0.8588564510358309,-0.7527199478755738,-0.7505326755144465,0.281379702905926,0.29146523194741397,0.9912693144705635,0.9408001529000348,0.5223386007720063,0.46984668523495665,-0.5687031202655601,-0.5152358582645976,-0.9824703033537391,-0.8525665439903316,-0.22548599639130637,-0.18642426314365357,0.8001477196046408,0.6647494101968616,0.7943745348767588,0.632378816352708,-0.7305624695159458,-0.5652807853108449,-0.9189506577817927,-0.7012827010578181,-0.008149637233923429,-0.008391327817553508,0.9121773273034954,0.6746279084929556,0.742877612241928,0.5449080557747419,-0.3138099576331099,-0.22462173603785424,-0.9957315410080023,-0.7114729506398545,-0.4897382853120376,-0.34768924318552363,0.5997117427701544,0.41919219750299563,0.9745866737698149,0.6760325716822702,0.18907520910876852,0.1296130549641256,-0.8213921973777065,-0.5597943425923959,-0.8545764217664774,-0.575654942783066,0.1282930290074546,0.0880369621548644,0.9585313787699976,0.6355905248484031,0.6498341255105284,0.42365752017354696,-0.4310958957571738,-0.28353483206201197,-1.0,-0.6430100919810723,-0.3806795662082474,-0.23817190663789356,0.6907833820267,0.43841852299515766,0.9413890175311341,0.5849100727494031,-0.48178259040673277,-0.2990387872612796,-0.9965220338781178,-0.6030065146328779,-0.32686935293003944,-0.19192027640412065,0.731491843201198,0.43474795024394336,0.9200101944923852,0.5361073192796443,0.014199255713340726,0.005918964314324194,-0.908532419020998,-0.5181656937090559,-0.5749914296092897,-0.3281669053635489,0.5182166148479505,0.29471952250112776,0.991454883595979,0.5547872304665443,0.27867897342001674,0.1541954616117328,-0.7677463699555426,-0.41869211385275273,-0.8953672550970094,-0.48377836223850645,0.049291021229613714,0.023911292185825727,0.9347510912864314,0.4912857846208511,0.4917930310792471,0.2551350824058038,-0.6031803858184817,-0.3000311930900727,-0.972178448668011,-0.48644761558469646,-0.17025165954301008,-0.09019523301738275,0.836493114387222,0.4049438156679959,0.835992906796616,0.4079099394091482,-0.683767678425623,-0.32047508048225765,-0.9416329662313611,-0.446604447960276,-0.06599540930349058,-0.03801937100174401,0.8891467278601364,0.4084349893025364,0.774005293372148,0.3595952875613818,-0.2727379964128297,-0.11750171093030587,-0.9910994705181736,-0.44596892716524844,-0.5172374490295473,-0.23652596653217706,0.5790377031909477,0.25179196023600287,0.9785942328628052,0.4310606706743707,0.20155623739207013,0.09273867417546658,-0.8179518677943849,-0.35055383777706,-0.8539727426945298,-0.367655084140438,0.13652792515168222,0.054363514039068875,0.9986688330217114,0.42828546829102265,0.34608694139373586,0.15051407736744848,-0.7245126391584428,-0.3029593810301155,-0.9200318143160323,-0.3850504955532567,-0.00448720286082642,-0.004000450276873476,0.9163530849637207,0.37470455200743547,0.7309081406002998,0.2972470690696357,-0.9565838312998056,-0.37260628435462906,-0.6450464083168488,-0.24735597058993464,0.4491113550080229,0.17200867541417597,0.9981542876275109,0.37448526427886475,0.33646306268587606,0.12259920654335323,-0.7336747310516266,-0.2697270775403507,-0.913399457847369,-0.3279609437937839,0.015044666776975617,0.008274864065439017,0.9256750097739325,0.32491714323965315,0.7125714526585051,0.24301899757622678,-0.3651248092938369,-0.12694596586457474,-0.9999999999999999,-0.33336540645114326,-0.42047273654582484,-0.13436780325867484,0.6692965089343583,0.2183386174846161,0.9463228350549573,0.2979658488220213,0.07375635320558703,0.018845471302836883,-0.9971854644274772,-0.319393621211587,-0.4579418682258729,-0.14042170587414748,0.8936868093426699,0.2638966566954422,0.7595314101829006,0.21524940639809567,-0.3065917966046371,-0.0907465901189398,-0.9965035427988107,-0.27514700672296366,0.10531070483942477,0.033176358046189854,0.9580080615318057,0.25184111400492765,0.6348945090135463,0.15803626196209505,-0.4678376960001416,-0.12186810646151723,-0.9961612878504824,-0.24259152472206477,-0.30200919073449806,-0.06621273263779386,0.7625542978373359,0.18124599426548357,0.8915536275978491,0.1990741091051322,-0.0733752972449925,-0.02262891705872775,-0.9483831727081357,-0.2053812314334532,-0.6600792501445893,-0.13239360427248853,0.7902533477548048,0.1460823979379387,0.8701093440193972,0.1469788607761541,-0.12116070121495151,-0.0251750279846678,-0.9629294933359602,-0.1504798291308929,-0.6192963264110457,-0.0866748773708005,0.4868003877691525,0.06916204442533036,0.9938594394777467,0.12358741137843747,0.2770444925354391,0.029120936137256935,-0.7810740884186457,-0.08006805722696256,-0.8766452603103007,-0.07689128715593349,0.6424814896096273,0.04348977823950262,0.6917228986142044,-0.0015400639301773897,-0.40835058751216313,0.006030247781620841,-0.9999999999999999,0.039957738306678946,-0.3437960673037586,0.027753122837945496,0.7423748054029188,-0.05284700908280526,0.8996166433784087,-0.10038898991922253,-1.0,-0.06252701422459314,-0.3706587484997597,-0.0179066624379193,0.7253995856344088,0.023556335846141512,0.9079456614271246,0.014869829100020729,-0.054321599670048466,-0.0009183242887389321,-0.9485245248772671,0.01648322258653843,-0.6446124600096103,0.026673848002516876,0.4750211805325246,-0.02052116252469008,0.993038813056604,-0.07611602415116189,0.25163149411032704,-0.038373783424520753,-0.9996535791634258,0.19441901726180388,-0.3928641815853053,0.14867419028916437,0.7206687302633138,-0.11513811645273687,0.903390208092032,-0.28076637858343456,-0.6372546081581341,0.08199292467605804,-0.9450396869616031,0.3459805549626602,-0.022249140502394335,0.19547419981041847,0.930341351074546,-0.23733848904702307,0.6661747934631864,-0.4241566520735033,-0.47138479439180925,-0.0848441214335042,-0.9901005883814056,0.4098342835825279,0.4819657494913597,0.32546742744901613,0.9868788620021074,-0.3929782602012229,0.1731284511104855,-0.6855135505615493,-0.8723415897469926,-0.14335783290673132,-0.7502082641589489,0.628596209952138,0.37685827529269567,0.6830002166771751,0.8751726554630884,-0.5467085642596065,-0.16964461194427816,-0.6531021719785063,-0.9869011290005348,0.05421958817576617,-0.47761526088920514,0.7554963067388916,0.673794495842441,0.5687852651233644,0.9189344091175916,-0.34630700007972937,-0.695740125417395,-0.8991359529768509,-0.7719029629231651,0.04517473784848244,0.5920875221960995,0.9763032695520905,0.70075525369028,0.18767947562494688,-0.09752394591411401,-0.828745194077553,-0.6894790547899136,-0.8412829127728004,-0.3422456270539855,0.16712679928239038,0.3989313135075777,0.9730518011866588,0.48369779683981123,-0.16054150945657247,-0.36665290429506237,-0.9718297368744574,-0.6602398191955335,-0.5970224593559766,-0.4450350602717542,-0.05351012094005699
42,0.6118216269848477,0.7203580445626427,0.8461271349498245,0.9292152497157147,0.06088151785112829,0.04450428952024743,-0.8637530539456282,-0.8925230425526098,-0.7063535312174805,-0.7025762861627054,0.3476630311827708,0.35596677160755286,0.9980658955943332,0.9462491218750979,0.4615549948480312,0.4136098818356286,-0.6247010573078696,-0.5648370586683201,-0.9669924863304091,-0.838642478353781,-0.15696645834178777,-0.128269222750417,0.8400519793055323,0.6976358886902397,0.7500318066942568,0.5970543643485685,-0.776429105568248,-0.6008852333823386,-0.8891864892055341,-0.6787096121987336,0.061649356171078605,0.04403104740126359,0.9385421757924831,0.6943151169513823,0.6943113338399407,0.5095151028574891,-0.379279247535155,-0.2719899992039834,-0.9999999999999999,-0.7146595221027142,-0.4277211496572876,-0.30387403776452937,0.6540889826727352,0.45731269285847825,0.9565408238759964,0.6635395309538159,0.12010766692696241,0.08222001235169363,-0.8592049913734836,-0.5854806444165195,-0.8162581984125171,-0.5497079838567825,0.1971806194326886,0.13405772647352834,0.976088138012391,0.6470214682979736,0.5952000068555219,0.387670983810308,-0.49298999338226634,-0.3236159611544733,-0.9956384040431432,-0.639910214972865,-0.3152463310043393,-0.19641227311155002,0.7395798415065019,0.4689208031476385,0.9155628438432161,0.568518938883028,-0.5417535570480618,-0.3356136902150112,-0.988189112577226,-0.5976684196404797,-0.2601353949166482,-0.15191213519775362,0.7772890820905975,0.4616408999037599,0.8904094484933655,0.5186400884309675,-0.05559973769166042,-0.034334591018133395,-0.9354772145346008,-0.5334100999142533,-0.5165033834789462,-0.29454569424375415,0.5766314890915847,0.32776548877374023,0.9799205919322881,0.5482912786370108,0.21097015764100968,0.11676734349283188,-0.8105732899225571,-0.442128667718306,-0.8620668755606028,-0.4659131561776692,0.11884987373390118,0.06100319147390723,0.957279269313725,0.5033554540246593,0.4298536428314547,0.22368511253852918,-0.6573601361703169,-0.32760122284916554,-0.9533481376125997,-0.47744499548460734,-0.10109844189351011,-0.0561212092994911,0.8727106837384394,0.42302649227761624,0.7956454055357627,0.38879525652280544,-0.7330218772119692,-0.3442856681630258,-0.9158529521229459,-0.4349097656817719,0.003803584101511453,-0.005417679442842755,0.9189162096971095,0.42266894062619004,0.7279430639688141,0.33882560874983975,-0.33922206762374874,-0.1478850254593505,-0.9979807662473273,-0.449525954940349,-0.45626082588329336,-0.2094836292705759,0.6345242097786881,0.27662898366934585,0.9618538151143793,0.4240775877470906,0.1327118080565241,0.0628113853116386,-0.8561033536335045,-0.3672956770944518,-0.8155885989479235,-0.35146437113312584,0.20533507998891576,0.08359646304236146,0.992472251874781,0.4259196919032393,0.2797630327528122,0.12241216620741065,-0.7708310214453432,-0.322633264470096,-0.890434402951164,-0.37286512443339803,0.06531179054417473,0.024868582697544182,0.9420535221581399,0.38533789022396225,0.6815064051261358,0.2772639390962824,-0.974619114025148,-0.37958277421535563,-0.5901232405180536,-0.22617751133595498,0.5103486368182342,0.19523442198022106,0.9914456678998188,0.3718409105953592,0.2699231787294173,0.09790808594446193,-0.7793089717561655,-0.28627191428234994,-0.8827790741055744,-0.3167602342332107,0.08477036407772486,0.03301989560683717,0.9498922210163234,0.3331808796987993,0.6618898348236221,0.22540956940549006,-0.42917968915611837,-0.14855271316661747,-0.9996656257755748,-0.33300170765196657,-0.35614283403934666,-0.11319014011967878,0.7194948786071136,0.2343130960371928,0.9214302303593306,0.28983616784875593,0.003976734049131562,-0.002829456753217019,-1.0,-0.32002317009193176,-0.3947954865367961,-0.12045051409695964,0.9228496055572089,0.2721645703077407,0.7123011879292924,0.20144846586855503,-0.3722422710247235,-0.10911536635849987,-1.0,-0.27577453209522723,0.174422778576369,0.05158333409682325,0.9756934027940674,0.2561068608650061,0.5794272816039076,0.14362979523699573,-0.5283922443453221,-0.13679888625086636,-0.9874693780403399,-0.240065595268732,-0.23477232897938155,-0.05007966504841689,0.805825495512815,0.1909639365041591,0.8577622172200157,0.1910322408819057,-0.14279930488406292,-0.037888459955365675,-0.9682654961506129,-0.2092053194464718,-0.6060636610275008,-0.12086442356980329,0.8311316836188587,0.15310157475353628,0.833556834239058,0.1403417962988099,-0.1901179577257983,-0.036411765435323346,-0.9794056108313748,-0.1527004106625065,-0.5630169986453828,-0.07830981549533833,0.5465570449442988,0.07711904785146227,0.9835127751601921,0.1220864244385401,0.209302612348158,0.021405450068251276,-0.8227605758024727,-0.08419199438467613,-0.8409342948277516,-0.07367761712678375,0.6944236048910947,0.046980649913269584,0.6396177334270351,-0.0015236742166037313,-0.47107394394002106,0.007362822405366817,-0.9951681472198254,0.04007800428031933,-0.27741317439348673,0.02391113670066051,0.7873594037874777,-0.05712928198532856,0.8668704030810046,-0.09803149795323575,-0.9975450408004375,-0.06236648426985121,-0.3049675023412617,-0.014759821445595574,0.771651738836008,0.02507136644720523,0.8764840860042656,0.014339446811945067,-0.12385594370184702,-0.0008816880224181976,-0.9683794132367808,0.016990413253591408,-0.5896630934230468,0.02484277670798448,0.5352809261013615,-0.024111225505435284,0.9822868354809542,-0.0760099983205389,0.18350299577339899,-0.03207159712396805,-1.0,0.1982852313128124,-0.32774466970579935,0.1361370626863434,0.7672741406595843,-0.13073084325990128,0.8712260011160905,-0.2786968294524149,-0.6894943194894896,0.10351552413104334,-0.919904287053813,0.3486088840131933,0.04754985290260771,0.1724655840294114,0.9537254168416892,-0.2597462696135845,0.6125272109567406,-0.416485298163295,-0.5317998495350196,-0.05281538638349879,-0.9778974006260234,0.4279611708059306,0.5419288934322438,0.28632028045885655,0.9730844405478809,-0.42990001221925467,0.10400361012915128,-0.673378347173401,-0.9043567219573112,-0.09279337509968931,-0.7022256959208087,0.6576848694833599,0.4405538835300645,0.6523008183851183,0.8392720819505538,-0.5764073327465309,-0.23797732601370195,-0.6278128422656489,-0.9958764695274599,0.10755486738446673,-0.41513941461029424,0.7722549218801303,0.7236993945356313,0.5247994174579679,0.8891677343529641,-0.4010903966959259,-0.7369721588290405,-0.8663208192835241,-0.7395839238404439,0.11475364447163543,0.6307291291788971,0.9588165877860096,0.6744455179361479,0.11869816592992669,-0.14877465125604486,-0.8658341039377989,-0.6977724441863672,-0.8015130682293237,-0.30168893670718605,0.2354966155827371,0.43153652567473333,0.9868570136822904,0.44230378768010103,-0.22900836591701798,-0.4084617580278991,-0.9860389813762054,-0.6490216685305755,-0.5395834698639163,-0.4104249662006335,0.016288872464945935
43,0.6530509347303826,0.7669866541375888,0.8218971307301698,0.9010855753213066,-0.004755011910899771,-0.025294703884753737,-0.8935952317938338,-0.9218413515221758,-0.6565458311577042,-0.651197015767501,0.41225258011865873,0.4187340769380745,1.0,0.9470880602450146,0.39852273938450383,0.35535801266791883,-0.6776555135937045,-0.6116864296994319,-0.9468035791154223,-0.8206326308627379,-0.08768219548544116,-0.06948926759751604,0.8758635902049756,0.7271235552600328,0.7020349989424731,0.5588211234970167,-0.818513057064601,-0.6335622289975652,-0.8550902934345795,-0.6528299183326696,0.13114800010978678,0.0962389077831258,0.9603345411429399,0.7106196919523338,0.6423624404114151,0.47163984357539296,-0.442900727068227,-0.3180331544343299,-0.9993965595116461,-0.7143643442112138,-0.36362019955578684,-0.2585783885768577,0.7052795668005278,0.49320520674326446,0.9338348032394008,0.6478137923293149,0.05055497226506685,0.03442640210380973,-0.8928318250182719,-0.6083145433933537,-0.7739632471658783,-0.5210829028896021,0.26510756570057137,0.17942537502424766,0.9888894939624245,0.6553001881923669,0.5376661335964124,0.3497957533824973,-0.5524822933147798,-0.3621204658139517,-0.9864261578630106,-0.6336927597208598,-0.24827724736422846,-0.15369573873389966,0.7847731423407887,0.4971385482829376,0.88527614001215,0.549358037893739,-0.5990851548163282,-0.3705535170057844,-0.9750418332522801,-0.5894185441850124,-0.19213408340794325,-0.11116389333885857,0.819299446704877,0.4862847815032262,0.8564707171649308,0.4986460952049744,-0.12512785476349567,-0.07442087167445267,-0.9578644590928312,-0.5460557857308639,-0.4554989847830318,-0.25948948610923345,0.6322370726831581,0.3592146145319179,0.9636122256459768,0.5391241068120044,0.14223351646062343,0.07877034661384714,-0.84945117829961,-0.4634112151573529,-0.8245665928611243,-0.4457780680533605,0.18782970160010462,0.09779788934514817,0.975143678966298,0.5129728262535729,0.36582005084452607,0.19114537128771655,-0.7083372940163387,-0.35357521238089556,-0.9298732102609595,-0.46611631135911996,-0.0314526827974848,-0.021773768691177416,0.9046764943630554,0.4390482263393349,0.7514215998371365,0.36778640222824666,-0.7787048670956389,-0.3664189306759774,-0.8856109944930047,-0.42109624674184337,0.07358404682710587,0.02721040650572163,0.9442088241295724,0.4348436913576466,0.6783343691304037,0.31640520563109886,-0.4040534830196896,-0.17754785900970949,-1.0,-0.45089293744917114,-0.3930613458565138,-0.1814207088243893,0.686919378198537,0.3001182985008994,0.9404273422639237,0.4150284414404368,0.06322082013227276,0.032578085692352224,-0.8900839899889289,-0.38224808879347144,-0.7732309895299222,-0.3335613590387285,0.2731418629566533,0.11242213848079873,0.9814404456796788,0.4214788775898012,0.21207614673799688,0.09371387527843823,-0.8133939924794265,-0.34073531107656135,-0.8564988846812708,-0.35886319190757066,0.13479259147076464,0.0536164584368406,0.9631643692874935,0.39409390097334684,0.6287844389509828,0.2559300070821263,-0.9879061503953301,-0.38470997495563186,-0.5323250516104369,-0.20389713798203105,0.5690995513699327,0.217509006067274,0.9799068245378885,0.3673849853727505,0.20206825617877006,0.07273996699253499,-0.8211464974861733,-0.3014220630339182,-0.8478578794513796,-0.30401630065208074,0.15408306868577462,0.05760405753598711,0.9694816528407552,0.33982139240327763,0.6079835562464134,0.20670196847070094,-0.4911436487138211,-0.16943572658257844,-0.9944609811084085,-0.33101565800632404,-0.2900778394447829,-0.09146102599585328,0.7661879415546674,0.24914602473894631,0.8920485102032361,0.28029443419996103,-0.06582225935586959,-0.0244905999803847,-0.9979426360921714,-0.31909359825620515,-0.3297257009220156,-0.09989249952273477,0.9475163712579904,0.27910652549138665,0.6616007058883587,0.18666608866283219,-0.43607921851803827,-0.12695254350139912,-0.9986245577208379,-0.27505851166788187,0.24268508206900558,0.06973900132887505,0.9886252638742743,0.25912488084272206,0.5211371427221226,0.12852357858711871,-0.5863725187898533,-0.15106319561737686,-0.9739666166804594,-0.23637009036655926,-0.16639168003670946,-0.03370261436491436,0.8451707923754513,0.19975152163981394,0.8197918755418439,0.18205968278359652,-0.21152760866387238,-0.05296341408363535,-0.9834305274255511,-0.2120101801723923,-0.5490953906751912,-0.10874640354473505,0.8679608294653852,0.15937485608665095,0.7929433193511459,0.13302100069700595,-0.25814897865719355,-0.04747110842487556,-0.9911101626403268,-0.154177051142764,-0.5039947086565901,-0.06956323607045778,0.6036509311362,0.08470033502844164,0.9683745354644154,0.11999064471086264,0.14054103087254008,0.013585678798181218,-0.8604386563645949,-0.08790575660869732,-0.8011263819912215,-0.07010499715304047,0.7429825581727494,0.05024263658313752,0.5843964149367576,-0.0014998613154059753,-0.531502275465192,0.008659526098462232,-0.9854879352603482,0.0400030142457329,-0.20967875238304454,0.019952657908909058,0.8285080663018757,-0.061133226768634884,0.8299008573172979,-0.09519640638331259,-0.9902301424349721,-0.061902111072803634,-0.2377904851665849,-0.011541072086840978,0.8141444823321596,0.0264642518711031,0.840752368218267,0.013739204180397776,-0.19278687402588432,-0.0008407562606792125,-0.9835164544361626,0.01741482833514326,-0.5318409475180532,0.02289067390251797,0.592932836804483,-0.027583821019169834,0.9667492551819691,-0.07553365941859656,0.11448048928671782,-0.02561316122605289,-0.9954745213562226,0.20118541964842657,-0.26102841874026583,0.12293668899856391,0.8101414685686879,-0.14568666253972146,0.8348172686380428,-0.2752694973828103,-0.7383748838040203,0.12453380635780688,-0.8902872059279522,0.3495388256228565,0.11711718820396275,0.14861673325919353,0.9724630282461234,-0.28088859246419173,0.5558954574495347,-0.4067848697453911,-0.5896240292676276,-0.02052934008001784,-0.9609299950326939,0.44400307422367336,0.5992518142788291,0.24577820984311438,0.9545492495134111,-0.46472733459115323,0.03437207401367597,-0.6579625121655792,-0.9319659191238728,-0.041776837296720354,-0.6508219546796222,0.6835693544407109,0.5021031575311964,0.6184234760749384,0.7992826592180907,-0.6032979026485774,-0.3051506384721858,-0.5994648714927988,-1.0,0.1603661500906476,-0.35064105083307007,0.785251188668762,0.7700785025246513,0.4782567997833705,0.8550691237653971,-0.4539197212168843,-0.7746137379630543,-0.8292850576409113,-0.7036617062234883,0.18377348287391862,0.6662978872450046,0.9366586479841423,0.6448499514136564,0.04913857070199201,-0.19930054145183318,-0.8987047570770007,-0.7026663563745859,-0.7578383325852457,-0.2596624481864152,0.30271911604400176,0.4620393352667023,0.9958543580057825,0.39875491892703574,-0.2963595166385545,-0.4482806271340571,-0.9954443430769805,-0.6346415495359666,-0.47951568394541955,-0.3738153229499567,0.0860085081206496
44,0.6910986439663616,0.8098785818308054,0.7936629263064083,0.8685659025807378,-0.07036837573287089,-0.09497046403504489,-0.9190839034966177,-0.9466685420902938,-0.603539505804284,-0.596645178969573,0.4748336759236923,0.47946135193675526,0.9970622049253154,0.9433128807863765,0.33354892119406004,0.29537487498295273,-0.7273085003350062,-0.6555557259315539,-0.9220019400353483,-0.7986247436838351,-0.017970753786472962,-0.010370767717918243,0.9074080817344413,0.7530687489588034,0.6506179472441541,0.5178653623042915,-0.8566092952235813,-0.6631525731185689,-0.8168281837073876,-0.6237697027267225,0.2000077041749109,0.14797790188016985,0.9774482531414385,0.7234621992453348,0.5872840217432531,0.4314668023844696,-0.5043644387792465,-0.3625268841048532,-0.9939241594443423,-0.7105888550423688,-0.297747728393025,-0.21202297147224952,0.753034099773323,0.5266948744376124,0.9065792333101697,0.6289319700266005,-0.019244021139934314,-0.013534930114592867,-0.9221088717587126,-0.6281847950623397,-0.7278976247775611,-0.48991915839861394,0.3317429345568811,0.22391888118362496,0.9968730797006974,0.6603863514404316,0.477512804980431,0.3102163532055527,-0.6092829550495912,-0.3988607559642074,-0.9724081425969802,-0.624388017042068,-0.18009858193170158,-0.11023041416657997,0.8261431073107119,0.5229342843831943,0.8506764598145908,0.5275207197651083,-0.653498069930159,-0.4036880443096149,-0.9571442481265917,-0.5782970808304208,-0.12319671395812443,-0.06987407216577157,0.8573182667705027,0.5085595325283842,0.8183593465946046,0.47622274832687317,-0.19404636150472937,-0.11414458132473287,-0.97558508429056,-0.5560411426487294,-0.3922754408198524,-0.2231690712821805,0.6847624608088679,0.3889136827962232,0.9426092374582805,0.5273303765311754,0.07280392788530324,0.0403895885241273,-0.8841906259225212,-0.48243606973808556,-0.7830491046063707,-0.4234711939909511,0.25589444204068795,0.134116125730109,0.9882572866360467,0.5200910464368271,0.3000042203419852,0.1576743890018549,-0.75586350376773,-0.377826619019162,-0.9018680340994562,-0.452516755418539,0.038346310607517226,0.0126797515295081,0.932234812044897,0.45293096157530116,0.7035369436367384,0.3449857295517911,-0.8205940851419593,-0.38676703699097836,-0.8510544291191997,-0.4052311892162349,0.14300601547320116,0.059705926088970636,0.9649013480824153,0.44489992733514366,0.6254208974315235,0.292443308155464,-0.4669163904616709,-0.20634569723802,-0.9971473342723212,-0.45006321489034057,-0.32794691046311053,-0.15247392492115686,0.7359679444566963,0.3221454671499424,0.9144192019333839,0.40395731828559794,-0.006578173272729274,0.0021860689143104258,-0.9197282266160571,-0.39533822622733283,-0.7271062764558387,-0.3140332695325651,0.3396179262241901,0.1407001045611921,0.9656271602872737,0.41498466055165417,0.14335604705409544,0.06455901976919508,-0.8519941897442272,-0.35717732949805453,-0.8183905899401777,-0.34311291398357197,0.20361669644101116,0.08210312018014028,0.9795827764266221,0.4009299258513698,0.5729990981944508,0.23334920979945983,-0.9963802073047654,-0.3879629073688358,-0.4719334285605003,-0.18062339826752705,0.6250778701130429,0.23872390814069575,0.9635939736266994,0.36113919743081546,0.1332288773958517,0.04721746623321694,-0.8589834800217848,-0.3151037137932247,-0.8088060064348739,-0.2897912302137856,0.22264509607156233,0.08190757828716103,0.9843478675045015,0.3448063294426942,0.5511152428974648,0.18698733632313158,-0.5507148057845771,-0.18949326617024873,-0.9844114225041501,-0.3274169333484523,-0.2225996147749657,-0.06928632294700589,0.8091482138679089,0.26276513905224236,0.858320819373834,0.2693871342428419,-0.13530057332972023,-0.04603242746623472,-0.9910233959741446,-0.31660943448495066,-0.2630495248362554,-0.07884781873199431,0.9675669324420159,0.2846887017385285,0.6076769717122069,0.17097429303675363,-0.4977916318932645,-0.1441712206135851,-0.9923839169778496,-0.2730024338204755,0.30976504823642026,0.0875549071565925,0.9967406420451497,0.26088047044811413,0.4603080760655173,0.11279120798150999,-0.6414960452648011,-0.16459154027965917,-0.9557187878668937,-0.23152301414395904,-0.09720038755453174,-0.01716136793200092,0.8803985020939054,0.20756593744099253,0.7778275902512227,0.1722001482113407,-0.27922537119695234,-0.06778033578235332,-0.9938043840249635,-0.21378214861170172,-0.48945198277438945,-0.09609858197274741,0.9005613573978744,0.16487167914121595,0.7484666643177394,0.12505214015103047,-0.32492232371361546,-0.058299176945960936,-0.9979861253629403,-0.15490255652767695,-0.4425170071085944,-0.06047775155191422,0.6578038906703836,0.09186897068721016,0.9485184723725241,0.1173102826235713,0.07109474762164784,0.005699719466634274,-0.893924766283899,-0.09119125082277661,-0.757415461950573,-0.0661908326800973,0.787921775115332,0.05325984617794457,0.5263279758562321,-0.0014687412406450945,-0.5893411813307171,0.00991404145085839,-0.9710065251411834,0.039733133546830196,-0.14092279656782664,0.01589697177345946,0.8656203207985894,-0.06483933661621469,0.7888881179980844,-0.09189752749059925,-0.9780909423531494,-0.061136157012987816,-0.16945497665079162,-0.008266095784983716,0.8526707957479062,0.027728206120062295,0.800924589406441,0.013072025527143547,-0.2607785660785364,-0.0007957284189507223,-0.9938619023322599,0.017754400123578724,-0.47142772597721666,0.020827050034760885,0.6476960383280934,-0.03092203092961498,0.9465017696890324,-0.07468932812058372,0.04490024536377208,-0.019029940581270534,-0.9860991909091468,0.2031054528426013,-0.1930404635571155,0.10913738011953655,0.8490618686780601,-0.15993271104402024,0.7943413903427289,-0.2705010799919499,-0.7836581599058403,0.14494537239808908,-0.8563327350261674,0.34876584920960507,0.18611394033696665,0.12404383670343802,0.9864628975285841,-0.30066245432713606,0.49655543715205014,-0.3951026263319598,-0.6445756199984439,0.011856723104730897,-0.9392810350959108,0.45788183929483117,0.6536552405228286,0.2040387324945568,0.9313635904862672,-0.49729055210315115,-0.03542691939132606,-0.6393411499366467,-0.9550346720133501,0.009443233058166535,-0.5962474742956306,0.7061235582153779,0.5612062354200691,0.5815332367530317,0.7553992117135291,-0.6272492658122126,-0.3708372876936665,-0.5681963681240348,-0.9992516309921885,0.21239614503353593,-0.2844343991025032,0.794421790599373,0.8127058654573922,0.4293841630544332,0.8168047023580934,-0.5045375944839249,-0.8084814768296119,-0.7882091025569153,-0.6643113195056395,0.251897995340486,0.6986205089804841,0.909937401401894,0.612112740747969,-0.02066042270300914,-0.24885545944328732,-0.9271970109772089,-0.7041369487063227,-0.7104714847624553,-0.21637091031925815,0.36846679940111915,0.4902911356612828,1.0,0.3532633562916615,-0.3622668335849824,-0.4859155180858281,-1.0,-0.6171695207059639,-0.41711174581548877,-0.3353844890216525,0.15530911897033625
45,0.7257793900779287,0.8488248624820524,0.761562075884401,0.8318146640707358,-0.13563891190167585,-0.16418353763095322,-0.9400948908075576,-0.9668836586801375,-0.547592796646164,-0.5391865468342684,0.5351014297897415,0.5378527394240883,0.989266823012577,0.9349419757940263,0.26695008618777916,0.23395270059804835,-0.7734181131714691,-0.6962312205631677,-0.8927084001827328,-0.7727260370311831,0.05182823961852819,0.048798257499535314,0.9345317723020381,0.7753450674108525,0.5960311503067481,0.47438661312206337,-0.8905322190022964,-0.6895121045632019,-0.7745865691764551,-0.5916705438302013,0.2678929908099981,0.1989959625139404,0.9897999355033869,0.7327800714257786,0.5293444143547408,0.3891916983032195,-0.5633709376430697,-0.40525441923709277,-0.983609460781133,-0.7033514483998995,-0.23042466022702934,-0.16443459976310315,0.7971199263067457,0.5576185376468832,0.8749069004852769,0.6069860543859367,-0.08894925960834485,-0.06143032151400419,-0.946893496766005,-0.6449945935546971,-0.6782857583293409,-0.4563685770144092,0.3967620851827129,0.26732147706212295,1.0,0.6622551787660825,0.41503308197800437,0.26912561013862946,-0.663115251472308,-0.43365783660474755,-0.953652652606342,-0.6120413187075113,-0.11104249431144873,-0.0662280581017626,0.8634881861054323,0.5461823372151073,0.8119323694145136,0.5031133737159796,-0.7047272081366874,-0.43485584404015,-0.9345835524358337,-0.5643582122282425,-0.05365914250159201,-0.028243831536810125,0.8911603184177527,0.5283566326312891,0.7762610115488623,0.4514792920886661,-0.26201949387818413,-0.15331219004857216,-0.9885527570230956,-0.5633175230126708,-0.3271407703403879,-0.18576139917271733,0.7339517550575989,0.416718002691412,0.9170139518164365,0.5129675456629509,0.003019645891551091,0.0018120564190641708,-0.9146223856944696,-0.4991105442813586,-0.7377166798257954,-0.3991012108385928,0.32271249048206835,0.16978096183181762,0.9965562041445799,0.5246754353212103,0.23272679943425678,0.12343523294215117,-0.7997072225078976,-0.40023729234856603,-0.8694690475312782,-0.4367125833323842,0.10795848464179711,0.04707149727530689,0.9552513754303718,0.464607062694934,0.6522247261662284,0.32050432107880406,-0.8584854512912959,-0.4052308531794454,-0.8123516121144178,-0.387391886070462,0.21173127318682539,0.09191056440193206,0.9808929696589448,0.452788655587848,0.5694604379874452,0.2670566562787936,-0.5275045281835944,-0.23413823997118385,-0.989436666964967,-0.4470408295887604,-0.2612347506870375,-0.12278430338233386,0.7814309488687031,0.3426031754649806,0.8839561031681219,0.3909181556817196,-0.07634511847878224,-0.028216598171739014,-0.9448916397738707,-0.4065023155622745,-0.6774391746913293,-0.2929752415037524,0.40443940509343645,0.16829259387528772,0.9451094364344513,0.40646867996141156,0.0739375311190451,0.03508963920508563,-0.8864435569587505,-0.3718792158735728,-0.77629517850923,-0.32569102443223424,0.2714488013336767,0.11018978377489984,0.9912287547463169,0.40581266043198017,0.5144221634291833,0.20963155862283156,-1.0,-0.38932572349523387,-0.40924259328519935,-0.15646967951286417,0.6780108723055717,0.2587757713300999,0.9425865897361285,0.3531339756205825,0.06374042091437981,0.02146492672469312,-0.8926355813874485,-0.3272502109330455,-0.7658137118559127,-0.2741543260316014,0.2901224189294979,0.1058120535502415,0.9944184383040678,0.348111404704877,0.4915619514830302,0.1663617206688972,-0.6076029356792109,-0.2086276136129346,-0.9695659104021419,-0.3222230663031419,-0.15403690715759996,-0.04677406389739752,0.848166397418481,0.2751040880211356,0.8204114757905502,0.2571674072463919,-0.20411971651067448,-0.06734998959263294,-0.9792759894882552,-0.3125827813743545,-0.19509179790713702,-0.057418999294146074,0.9829036047906717,0.28888390324760843,0.5507926964133488,0.15444952784127544,-0.5570788544757449,-0.16068751003098158,-0.9813084815454273,-0.2696163155576045,0.3753358702263017,0.10494425427763197,1.0,0.2613650766250962,0.3972364347323268,0.09650932994834792,-0.6934942674901746,-0.17731801150238238,-0.9328147931873572,-0.22554798106906143,-0.027535544554738008,-0.0005365130395776555,0.9113369988075055,0.2143691128594135,0.7320738071278537,0.16150167182649786,-0.34556277578919864,-0.08226703849839558,-0.9993365255622733,-0.21451259191228134,-0.4274240140130513,-0.08298257776918407,0.9287744409212321,0.16956526394784835,0.7003435549313818,0.11647403814843617,-0.3901126798699842,-0.06884321773717862,-1.0,-0.15487339222793758,-0.37888340718361885,-0.05109762550701206,0.7087520957714376,0.09859002995542732,0.9240413226279776,0.1140583966313263,0.0013020979067611183,-0.002214008325220413,-0.9230557645988715,-0.09403247042935983,-0.7100144899144368,-0.0619541931238159,0.8290223163711722,0.056017579155833656,0.4656953197836372,-0.0014304656061971432,-0.6443088762011685,0.011120256589861936,-0.9517944688367653,0.039269677015247945,-0.07148027905324117,0.011763837189487683,0.8985153601042233,-0.06822955573342762,0.7440319950667394,-0.08815093308145877,-0.9611865815175398,-0.06007235374158972,-0.10029390052231038,-0.004950847895367056,0.8870429827569374,0.028857071336034046,0.7571947865036849,0.0123411612795165,-0.32749977117062534,-0.0007468238683514439,-0.9993653549428437,0.01800747425927818,-0.40871775594316845,0.01866195887276219,0.6993037298591468,-0.03410959181364273,0.9216430227161959,-0.07348111792371238,-0.024898748041229955,-0.012354007978859159,-0.9719196843263056,0.20403597668661558,-0.12411203463987355,0.0948063648950179,0.8838457247106345,-0.17339958345649284,0.7499955606405831,-0.26441480853004223,-0.8251235322256429,0.16465077915390613,-0.8182062971176008,0.346293720636825,0.25420396406075674,0.09886661104410685,0.9956568187331895,-0.3189715189350832,0.4347962486783387,-0.38149548263861605,-0.696386903101144,0.044185021526347845,-0.9130559923723396,0.4695298500710662,0.7048741241401963,0.16130519895118695,0.9036404216666145,-0.5274310200327749,-0.10505331640615505,-0.617604981891571,-0.9734505919805272,0.0606172969308232,-0.5387681361514574,0.7252375989937114,0.6175751729422281,0.5418098259571814,0.707835535181963,-0.6481447336036863,-0.4347172549259375,-0.5341596691646697,-0.9936350084826058,0.26339136730780666,-0.21684201157075306,0.7997220494211832,0.8513738071065328,0.37841960984463985,0.7745608905458218,-0.5526974113065825,-0.8384103752093295,-0.7432930719557642,-0.6217244748154992,0.3187952860944516,0.7275395218212987,0.8787830312666035,0.5763933783387145,-0.09035876060538055,-0.297197978651197,-0.9511720542414537,-0.7021770566035607,-0.6596432912822459,-0.17202523512655346,0.43241934954970734,0.5161542869268144,0.9992737425138662,0.30605073009434286,-0.4264092229331207,-0.521183077477543,-0.999683757442668,-0.5966907040087449,-0.3526756811878709,-0.29531969557556575,0.22385307940401566
46,0.7569242119561262,0.8836357537268644,0.7257509715806361,0.7910109081310979,-0.20024862892607082,-0.23259672553519503,-0.9565258303084905,-0.9823882152756964,-0.4889782704266193,-0.4791010520416292,0.592762223278061,0.5936237624297139,0.9766518325788746,0.9220161274756468,0.19905069719532023,0.1713907321726734,-0.8157597107042777,-0.7335147466731152,-0.8590656747391617,-0.7430626868002648,0.12137473104986608,0.10772954251163633,0.9571025180137847,0.7938439826318898,0.5385405495178895,0.4285967000458801,-0.9201165593260182,-0.7125124023439173,-0.7285712467416644,-0.5566888255186544,0.33447312972237,0.24904453482134975,0.9973294120739045,0.7385279127570313,0.46882589418900666,0.34502049138924973,-0.6196327499285457,-0.446007595574843,-0.968502715697075,-0.692687384201466,-0.1619789862786134,-0.11604511921281789,0.8373222646854166,0.5858255393923576,0.8389721091865538,0.5820829637023299,-0.1582211462250918,-0.10902643056195363,-0.967064951838455,-0.6586620432218858,-0.6253693518475857,-0.42059461379699925,0.4598482508119199,0.3094217095754352,0.9982550208189513,0.660897565430443,0.35053135951916037,0.2267237141515225,-0.7137169170459636,-0.46634217985648274,-0.930251062753035,-0.5967128165903898,-0.041445418820863014,-0.021903045595094588,0.8966264372549757,0.5667694446021642,0.7692326261258053,0.4762549098828857,-0.7525229862241052,-0.463905069810078,-0.9074696596216185,-0.5476698471451774,0.016139850903410018,0.013524010200338646,0.9206607265727943,0.5455796323302378,0.7303808108843388,0.42453627412194345,-0.32871609361557347,-0.19173287719338328,-0.9967043000923901,-0.5678494770289737,-0.26041230291190043,-0.14744871619915526,0.7795653101322616,0.4424921143658354,0.886951066379263,0.4961055884755737,-0.06677934751345095,-0.03677430384272536,-0.9405981971408351,-0.5133534024233098,-0.68879017353613,-0.3727868467045428,0.38795831610876635,0.20461864215380426,1.0,0.5267036582248988,0.16431555695330077,0.08859471283521955,-0.8396548480462956,-0.42069804982135983,-0.8328340951622507,-0.418780791438429,0.17704469579085108,0.08123391541799073,0.9736140501362822,0.4740196449072555,0.5977349353912368,0.29446144777050287,-0.8921943626165973,-0.4217204253848851,-0.7696910997127128,-0.36766524859625016,0.2794249974206366,0.1236674236839449,0.9921057792863129,0.45847144302468484,0.5107256245314551,0.24036893121717479,-0.5855227168687788,-0.2607900847347018,-0.9769055636739856,-0.44184050630181076,-0.19324988146484418,-0.0924964890596672,0.8230869002469847,0.36139175554750375,0.8491864591231808,0.3759744791183152,-0.14574011794179192,-0.05848179682781981,-0.9654516358428814,-0.4156859664772665,-0.6244716573636714,-0.27048986754810167,0.467290495835176,0.19506517858873598,0.9199872344093895,0.395972424820486,0.004158798964557369,0.005449305445967195,-0.9165742602687664,-0.38476934409052316,-0.730417735001504,-0.3066824009482106,0.33795843495218264,0.13773961381934638,0.9980455662108534,0.40871831652311186,0.453339015593224,0.18489260356468343,-0.9987478932148831,-0.388791783831648,-0.3445579692323345,-0.13155365620789178,0.7276406736816409,0.27756690497363284,0.9169870187288359,0.3434083205780294,-0.00605857249062223,-0.004392187749185854,-0.9219388519280065,-0.3378023779402763,-0.7190904498521147,-0.2571817695308877,0.3561862945254108,0.129201023124615,0.9996443024308084,0.34972051619537364,0.4296138196526049,0.14492560743418567,-0.6615308851472489,-0.22674554829327265,-0.9499967706450788,-0.315459360868552,-0.08472374721229815,-0.02403392631019349,0.8830523995382173,0.28610275752655584,0.778505169964687,0.2436947864922145,-0.2719444089508318,-0.08833942933973311,-0.9627576488180573,-0.30703325637361395,-0.12618360334917578,-0.03571044026347494,0.9934516695779124,0.29167169141857446,0.49122501446305306,0.13717230007136724,-0.6136520448765902,-0.17642094605175923,-0.9654522098316994,-0.26491665370707407,0.43907809358507033,0.12182232354078992,0.998387458474499,0.26057633842108646,0.33222949741918717,0.07975726816076142,-0.7421138553541359,-0.18918060719701024,-0.9053662186016269,-0.2184741009023991,0.042263448850264916,0.01609095569044475,0.937835553270191,0.22012790350829142,0.6827534340039595,0.15001637553060734,-0.4102166332736486,-0.09635294447232744,-1.0000000000000002,-0.21419795142779469,-0.3633136784199532,-0.06946229078810881,0.952462628728502,0.17343274383316742,0.6488084421436878,0.1073284863399123,-0.4534024462640157,-0.07905186129167682,-0.9971419751567082,-0.15408970032908267,-0.3134039253840716,-0.04146855696695485,0.7562473319054047,0.10483076850793678,0.8950623364438959,0.11025082959580333,-0.06849689549824091,-0.010116949691065965,-0.94768972801396,-0.09641557329212215,-0.6591543986538445,-0.05741571896624898,0.8660839442346848,0.05850240011894297,0.4027938429245863,-0.0013852208871057003,-0.6961375629924684,0.012272294956563953,-0.9279453655542199,0.038614902564621544,-0.0016895168042790677,0.007573390373225399,0.9270329228938776,-0.07128736731351826,0.6955510230452652,-0.08397487618724633,-0.9395994162749141,-0.05871588400121448,-0.03064420259199208,-0.0016114799724617419,0.9170935855192262,0.02984534780115933,0.7097760067140367,0.011550172134664825,-0.3926254302977327,-0.0006942808669360299,-0.9999999999999999,0.018172817790491406,-0.34401655408633036,0.016405948523028947,0.7475044839120927,-0.03713097419503874,0.8922941235799189,-0.0719149151066129,-0.09457643724858854,-0.005617887891395152,-0.9530050827384516,0.20397245776183734,-0.05457894436556425,0.08001346259063283,0.9143235732162791,-0.18602167052843022,0.7019958279562853,-0.2570403346998596,-0.8625689856375688,0.1835540238643234,-0.7760936403752865,0.34213448386642537,0.3210555316241359,0.07320771719380516,0.9999999999999999,-0.3357265863656832,0.37091877658663247,-0.3660297313016487,-0.744805459212502,0.07629805496455125,-0.8823826326339979,0.47889035861473045,0.7526589318784523,0.11778580269286877,0.8715148075462202,-0.5550018970499788,-0.1741679042233748,-0.5928599044561553,-0.9871239585144868,0.11149603942606227,-0.4786639738047378,0.7408183550903761,0.6709353463002533,0.4994467721517998,0.6568233550743682,-0.6658825054043241,-0.49647932338983647,-0.4975205979906757,-0.9831774960915377,0.3131033733165614,-0.14819319155551466,0.8011261428059926,0.885893941147246,0.3256114343342897,0.7285434959334001,-0.5981645418983029,-0.8642546225177441,-0.6947557922236016,-0.5761086509795831,0.3841394382597568,0.7529140352438172,0.8433473185379435,0.5378658853290537,-0.1596168797089134,-0.34409257918135566,-0.9705130828689152,-0.6967962284636171,-0.6056013819940208,-0.1268414702802284,0.49426519609393055,0.5395027863900861,0.9936791238008503,0.25734705550411635,-0.4884741894096325,-0.5539114853049262,-0.9944971561069353,-0.5733048701807352,-0.28652141609234133,-0.25381613425806687,0.2913064501364733
47,0.7843813751594286,0.9141416604022738,0.6864040814955638,0.7463534265591846,-0.2638827547592613,-0.2998767255731722,-0.9682966721138009,-0.9931066752357506,-0.42798149122548,-0.41668142508251266,0.6475351387988216,0.6465027101356354,0.9592786925895468,0.9045983092649421,0.13018155321463176,0.10799376532828939,-0.8541270089264156,-0.7672246626699166,-0.821237667681241,-0.7097792098516558,0.19032989699207253,0.16613598002155494,0.9750103564653767,0.8084753697664625,0.4784262333056866,0.38071870692946297,-0.9452181842624974,-0.7320414113219099,-0.679006398428474,-0.5189949752073467,0.39942374916785434,0.297879787188976,0.9999999999999999,0.740677720333898,0.4060233013929977,0.2991683793225703,-0.6728757737416363,-0.4845878677394772,-0.9486775227356936,-0.6786486166958957,-0.09274416699111883,-0.06709027850654234,0.8734452531578799,0.6111784579968906,0.7989499301050556,0.5543440233303404,-0.2267221953217633,-0.15609137379950308,-0.9825249636745763,-0.6691205576229743,-0.5694062087455366,-0.38277155589919304,0.5206940819869557,0.35001447062265734,0.9916466435207163,0.6563201255892169,0.2843218835120281,0.1832172430192574,-0.7608414255423462,-0.4967545508845099,-0.902317383230505,-0.5784771896122025,0.028353574584139025,0.02252867634802629,0.9253964145307875,0.5845953082265852,0.7227852588056052,0.44707618000181915,-0.796652547965984,-0.4906941967114653,-0.875934665844258,-0.5283132896184014,0.08586021257718277,0.055225964319220125,0.9456757682124652,0.5601446229019459,0.6809422683268084,0.39552495810193505,-0.39381122158729387,-0.22921946103342958,-1.0,-0.5696149254732212,-0.19241513292017925,-0.10841767790176404,0.8213809013775909,0.4661104489382203,0.8525670445026992,0.4768266547295029,-0.136252998650004,-0.07518150339273226,-0.9619915087193299,-0.5250952543907578,-0.636507950757943,-0.34465630252575125,0.4513140478168159,0.23845944101941244,0.9985718963750687,0.5261658338497824,0.09510378559581033,0.05332256819286323,-0.8755117595668233,-0.439109208683845,-0.7921416587977832,-0.3988087416242837,0.2452683629784826,0.11500057009036191,0.9872333750572709,0.48112285105787694,0.5403330400951246,0.2669839878878243,-0.9215565926902952,-0.4361554180690389,-0.7232807296422864,-0.3461473829884583,0.34575739115471693,0.15482178770877633,0.9984851492831219,0.46192060367649374,0.44950260717070795,0.2125101528844664,-0.640688297733916,-0.28617138641992107,-0.9596150746749883,-0.43448758048181124,-0.12432351824556256,-0.06175804114001484,0.8607328549836699,0.378419671323972,0.8102796640093168,0.3591990926854692,-0.21442508619993286,-0.0884620780483236,-0.9813080485889241,-0.4228444371481884,-0.5684617768930093,-0.2466866941473036,0.5278649942530813,0.2208874253599825,0.8903829470550775,0.3835470318288437,-0.06564019444044467,-0.024217576781520964,-0.9422395059164752,-0.3957849147399443,-0.6809817697101843,-0.2861796516343738,0.4028215690470647,0.16461839031080194,1.0,0.40963273806036443,0.3900472456427729,0.15925287032730706,-0.9926299870878106,-0.3863636896784478,-0.27819469338821573,-0.1059967167136018,0.7737254828377191,0.29500576055706246,0.8869199791415091,0.33200961471690354,-0.07582804913945554,-0.03022790392585262,-0.9467505290549408,-0.3467088057179584,-0.6688638514593565,-0.23895624930084064,0.42051486629811874,0.1519605383015674,1.0,0.3496258244847498,0.3655726524774623,0.12278343120792588,-0.7122359226397003,-0.2437588014547082,-0.9257993421147743,-0.3071587691376746,-0.014997821686979313,-0.0011766978498880221,0.9136362591315211,0.2957075631562555,0.732806065205823,0.2290349092343617,-0.33844421556633536,-0.10889848826693797,-0.9415488496588781,-0.299987896210696,-0.056660654959627035,-0.013827903557440489,0.999159737692382,0.2930384844276851,0.42926413362005916,0.11922678264402227,-0.6672355841988862,-0.1912948769571446,-0.9448923519985883,-0.2589263445490117,0.5006811726078683,0.13810688668919474,0.9919108736088664,0.25851809848933105,0.2656039713902136,0.06261663697986825,-0.787117939111837,-0.20012153398974267,-0.8735067908059636,-0.21033583687708018,0.1118565389807746,0.0326400309018001,0.9597650671882436,0.22481425313845632,0.6301067547797331,0.13780021453272534,-0.47287195655561953,-0.10996942858615386,-0.9957915749573755,-0.21283976005505456,-0.29743331510575627,-0.055603590508638966,0.9715105143498152,0.17645527682392984,0.5941123998438648,0.0976600409345618,-0.5144832815157019,-0.08887537212422703,-0.9894259748428137,-0.15255529889926697,-0.24639757116330555,-0.03163745778575966,0.8000582070560447,0.1105607820938276,0.8617226965280116,0.10590613160086437,-0.1379621789136594,-0.01797060229496887,-0.9677066423356026,-0.09832894917346476,-0.6050829734209787,-0.05259752119728632,0.8989260981803388,0.060702203269313415,0.3379299949515024,-0.0013332275110941952,-0.7445747375523721,0.013364543935844367,-0.8995754057274363,0.037772000190256734,0.06810947660072207,0.003346046760339405,0.9510340744682163,-0.07399787400583861,0.6436813963560574,-0.07938970213737456,-0.9134346171243999,-0.057073356376085356,0.03915479081300996,0.001735738918884005,0.9426762005187894,0.030688220731841215,0.6588992695661126,0.010702911712192327,-0.4558382577949983,-0.0006383553989257738,-0.9957627455768048,0.01824962518015461,-0.27763933815840663,0.014070010041211684,0.7920634712583059,-0.03997145820254885,0.8585980571666522,-0.06999835005197592,-0.1637933595604613,0.0011456019811674435,-0.929447536183232,0.2029152055260832,0.01522004903943778,0.0648307427394317,0.9403469291806993,-0.1977374787203863,0.6505760421625598,-0.24841358619662357,-0.8958120896565996,0.2015630118212596,-0.7301999334297236,0.33630840228186654,0.38634294890983145,0.04719216270414987,0.9994712817864592,-0.3508460276146284,0.3052342255000212,-0.3487807199069601,-0.7895953979941583,0.10803937194842021,-0.8474103934062552,0.48591776146911425,0.7967768609576078,0.07369256584361845,0.8351432608878219,-0.5798688606133515,-0.24243396351851657,-0.5652264731602978,-0.9959881563479173,0.16183158442476156,-0.416227808692776,0.7527899186278411,0.7210267900932875,0.4546504638767097,0.6026111976045052,-0.6803761645729072,-0.5558225944961072,-0.4584576564738666,-0.9679300417681679,0.3612899711635589,-0.07882238920734361,0.7986272301519693,0.9160980889564374,0.27121691264620973,0.678976710641726,-0.6407174749691855,-0.8858883081798232,-0.6428337321083335,-0.5276860837063339,0.447612101695421,0.7746204271692816,0.8038029024463427,0.4967179637921592,-0.22809736141913792,-0.3893107952538079,-0.9851258693122734,-0.6880206791403108,-0.5486090436475594,-0.08103974654075806,0.5537030322861478,0.5602228825086958,0.9832434002809528,0.2073896119279093,-0.5481593587365959,-0.5839412920548915,-0.9844654645931542,-0.5471259526536089,-0.21897124745864185,-0.21107600624797127,0.35734060512588645
48,0.8080171111486949,0.9401939607974023,0.643713099722541,0.698059786116258,-0.32623127033666643,-0.3656957563476599,-0.9753500698654141,-0.9989868193007901,-0.36489962921963925,-0.3522317681050644,0.6991533282133576,0.6962319616239999,0.9372320432362797,0.8827733790214035,0.06067817779248562,0.04407066371472127,-0.8883330862176104,-0.7971967372313438,-0.7794086732568989,-0.6730377599394061,0.25835779480802973,0.22373301973674026,0.9881680424679676,0.8191679461671929,0.4159810725760551,0.3309858905425961,-0.9657148012182492,-0.7480039881284876,-0.6261334991956244,-0.47877263354602134,0.4624284162573292,0.34526379917618916,0.9977986884457438,0.739219020509962,0.3412426038859216,0.2518587489841303,-0.7228406144222924,-0.520807276523087,-0.9242304682442749,-0.661303541347303,-0.0230575074446546,-0.017808580707275375,0.9053129041553677,0.6335537765895064,0.7550353472742515,0.5239043745991511,-0.29411867667286423,-0.20239585555415257,-0.9931982126507394,-0.6763191839270869,-0.5106689758309914,-0.3430836734571082,0.5790031439345372,0.3889019963523376,0.9802070634552206,0.6485451600691889,0.21672721986836097,0.13881815589593535,-0.8042591910929991,-0.5247467836742206,-0.8699877041175023,-0.5574232799145482,0.09801443222385849,0.06685064084455421,0.9496579534955275,0.5995730822726407,0.6728165543586242,0.4157193399117234,-0.8369008985734065,-0.5150927108108824,-0.840132206423549,-0.5063828428504709,0.15516227192591786,0.09665886309123288,0.9660835725684014,0.5719806451764169,0.6281862434860683,0.36458668424408447,-0.45698774087320493,-0.2655893107003797,-0.9984238004272586,-0.5686052672580554,-0.12348053574237251,-0.06885843957574227,0.8591948074363283,0.4874579402566366,0.8140294016850578,0.4552246694520377,-0.20506283887323862,-0.11322242621542902,-0.9786980943663927,-0.5342788950612042,-0.5811247252252183,-0.3148466274857838,0.5124710228498313,0.2711384894582332,0.9922788508470939,0.5230645824221544,0.025428678154696183,0.0177906413582371,-0.9071032658008754,-0.45538107162072483,-0.747589987897454,-0.3768937357090599,0.31229710735597255,0.14820695354506974,0.9960429982113322,0.4858820750404444,0.4802986965417563,0.23820580885329287,-0.9464290916789505,-0.4484655053985497,-0.6733466085609673,-0.3229431221253599,0.4104052896345029,0.18522187554652225,0.9999999999999999,0.4631193335792876,0.38608965829166914,0.18361604644835003,-0.6927325096142548,-0.3101584898763484,-0.9376494374923445,-0.425017874844243,-0.0547914633423467,-0.030718714251826467,0.8941854057714377,0.3936039645003619,0.7674252678214254,0.34067372437962573,-0.2820653969920421,-0.11801138091675292,-0.9923836271629818,-0.4279428522254986,-0.5096824077869023,-0.2216816879694796,0.5858677874797908,0.2456335307984021,0.856440803483695,0.3692530362521445,-0.13511939541626214,-0.05376647340927186,-0.9633142554049423,-0.40487226106891233,-0.6282281296888852,-0.26428266382445287,0.4657221969490319,0.19069516255204602,0.9970825343087955,0.4085514700739259,0.32485520471896223,0.13283727311373858,-0.9816760874424638,-0.3820532704662766,-0.21047608096194223,-0.07992337187023586,0.8160407792160245,0.31100737772893294,0.8525319545686894,0.318993391386367,-0.14522809915509027,-0.05591635279309026,-0.9669497327713503,-0.35392610304523014,-0.6153786156162477,-0.21956655824399815,0.48279473191222716,0.1739797170109339,0.9954837980888401,0.34782779090150134,0.29975045208668394,0.10004306644696843,-0.7594710183107558,-0.2595844862380055,-0.8970915122507113,-0.2973617307590499,0.05480117171802273,0.021686263364060845,0.9397689747087311,0.30387171126267803,0.683536802958683,0.21325919692122722,-0.4032951559838933,-0.12892700470574409,-0.9157529191483205,-0.29148102517211744,0.013138338445374122,0.008122001304749242,1.0,0.29297762339678945,0.3652119210675481,0.10070040431627036,-0.7175684188252514,-0.20523683845088847,-0.9197290736067871,-0.2516745722674917,0.5598449832860158,0.15371860696810508,0.9806017986735439,0.25520038436788406,0.19768444951104464,0.045170943837811506,-0.8282872633910038,-0.2100874887850233,-0.8373917257300892,-0.20117283779738043,0.1809046752971517,0.04903008716356673,0.9770187021742027,0.22840533032558044,0.5743902587843296,0.1249127047412687,-0.5332234951981745,-0.12305015269799685,-0.9867317534581773,-0.21044463476590408,-0.23010388657825645,-0.041473995125464375,0.9858252984011117,0.17861813744322838,0.5365219016519736,0.08751580562653138,-0.5730576059355222,-0.09826589107750919,-0.9768895906362364,-0.15027766338801904,-0.17819079274362912,-0.021652224090418132,0.8399712790434773,0.11575215466288823,0.8241848302547045,0.101045469578413,-0.20675532446132022,-0.02573670393088941,-0.9830089871693172,-0.09976327629842562,-0.548063644764334,-0.04752307359213488,0.9273887745353943,0.06260627138711995,0.271419786011619,-0.0012747387846641985,-0.7893844188353129,0.014391682200468662,-0.8668228049489524,0.03674507642779318,0.13757664748206694,-0.0008975984560196265,0.970401883629357,-0.0763478704942428,0.5886758186064319,-0.07441774943891458,-0.8828196563373825,-0.05515277309568565,0.10876302601299681,0.0050745014646929,0.9636661918269062,0.031381583735886745,0.6048124414091851,0.009803507779710927,-0.5168302871209881,-0.0005793199275792114,-0.9866742351508807,0.01823752223038602,-0.2099094912831839,0.011665523884786103,0.8327636049904912,-0.04261720528361307,0.8207189873248443,-0.06774076007209533,-0.2322122970890082,0.007903510596033472,-0.9013618146594671,0.20086937080597106,0.08494489189543365,0.04933217402636714,0.961789009429493,-0.20848992979251826,0.5959867152870921,-0.23857659167188372,-0.9246908872215408,0.21859000504564619,-0.6807487658079318,0.3288438599669929,0.44974814218349574,0.020946692741538923,0.9940732399545565,-0.3642561822839542,0.2380626039488109,-0.32983248390420006,-0.8305385073666393,0.1392543319722362,-0.8083096559232325,0.4905778218339031,0.8370129732619077,0.02924030622112881,0.7947029802106862,-0.6019107613760295,-0.30951890891277284,-0.5348393153035697,-1.0,0.21137870221139737,-0.351763823535936,0.7610939653519292,0.7676054638423478,0.4076391442429159,0.5454631789541775,-0.6915550994588642,-0.6124579537930832,-0.4171611553387203,-0.947966929577291,0.40771640058778846,-0.009067572102154989,0.7922374859103744,0.9418390989620911,0.21550104942234613,0.626102019066307,-0.6801488969067123,-0.9032060350536307,-0.5877798506676559,-0.47669268287608707,0.5089040439654362,0.7925529462381505,0.7603424394120083,0.4531500822655846,-0.2954665757127933,-0.4326323282651666,-0.9949392215448477,-0.6758931622278298,-0.48894393718643503,-0.03484320530222799,0.6104432829631011,0.5782136290571303,0.9680174137501674,0.1564217870091204,-0.6051739507685792,-0.6111261955275397,-0.9696375562939974,-0.5182814924820627,-0.1503542729182367,-0.16730753715272148,0.4216338326068798
49,0.8277162689940402,0.9616657307234917,0.5978860124334857,0.6463652685640985,-0.3869904199576424,-0.42973315415682894,-0.977651660118489,-1.0,-0.30004001289982285,-0.28606607335962186,0.7473653128914854,0.742569240980325,0.910619293578601,0.8566476656113416,-0.009120815612516426,-0.020067145742497336,-0.9182112940076819,-0.8232849494229147,-0.7337824781223353,-0.6330173377142507,0.32512699941771517,0.2802400546693312,0.9965114730979591,0.825869618676671,0.3515092938751051,0.27964054416759165,-0.9815065527357777,-0.7603223646940008,-0.5702101404934131,-0.4362177597401154,0.5231801785859388,0.39096572063961166,0.9907362019797537,0.7341589199241376,0.27479940671430075,0.2033220881373938,-0.7692838482891677,-0.5544893646068406,-0.895280655814892,-0.6407366616192661,0.046741485960346565,0.031559878707085154,0.9327699616855456,0.6528424848671806,0.7074423081274157,0.490912316417599,-0.36008224139591927,-0.24771428504530135,-0.9990326997708034,-0.6802228511504735,-0.4494438149984643,-0.30172432184459114,0.634491360766062,0.425894830648081,0.9639920131066404,0.6376105477208353,0.14807668299483914,0.09374276067104054,-0.8437586867084971,-0.550182502881232,-0.8334195323608974,-0.5336536600291427,0.16719777340215958,0.11084691573869038,0.9692928543701209,0.6116297965307399,0.6195699552900917,0.3823371569855405,-0.8730719521279647,-0.5369817450001677,-0.8002367073429387,-0.4819853497735982,0.22370839628268696,0.13762084959838009,0.981784714869165,0.5810300352428813,0.5723697584121237,0.33187218070872176,-0.5179378618218289,-0.3006652359425419,-0.991983380460045,-0.5648254213368098,-0.05394435380664986,-0.028963729853734146,0.8928228027591957,0.5064305854892234,0.7715258894483561,0.43140487534402594,-0.2728736335583256,-0.15071174075868174,-0.9906365612760912,-0.5408595826604394,-0.52291031844565,-0.2835030513249779,0.5711312905729288,0.30249657843115824,0.9811515225013135,0.5174150129272337,-0.04437031525030585,-0.01782795969277645,-0.9342754561056464,-0.46943436375141384,-0.6993961337235716,-0.3531425413986874,0.3778043716184189,0.18069128761981684,1.0,0.48827413039411016,0.4179243860182926,0.2082671150623931,-0.9666906832676652,-0.4585907138653534,-0.6201320104873044,-0.29816551483339654,0.47305373479698426,0.2147195810250426,0.9966429512365264,0.46206179264147573,0.32079571940703094,0.1538273810909585,-0.7414017983409813,-0.33263453234712065,-0.9111156665024301,-0.4134775248430812,0.01500753006265533,0.00047027112436244344,0.9232815751454903,0.4068706587266382,0.7208320528700274,0.3204886279330081,-0.3483315135231223,-0.14698574419981839,-0.9986244124595549,-0.43095637274343124,-0.448419917223155,-0.19559667089123373,0.6410162917371214,0.26918293436576746,0.818326166406868,0.3531600770000102,-0.2039403082797648,-0.0830534251831598,-0.979695834673087,-0.41198711043957004,-0.5724138253690124,-0.24109811744197912,0.5263538731216942,0.21584288712994726,0.9893073827368242,0.40547978039273724,0.25808050189209175,0.1057745060583166,-0.965939560576832,-0.3758815261242539,-0.14173205022620392,-0.05346064839298739,0.8543804069461222,0.3254937982188606,0.813990480009424,0.3044230643180997,-0.213920612469918,-0.08133238281021209,-0.9824380545871447,-0.3594191079749928,-0.5588953170154984,-0.1991071609861441,0.5427224701228167,0.19515128402740342,0.9861176991790729,0.3443351752845079,0.2324678976241493,0.07681530192257523,-0.8030060475223619,-0.27414550149769285,-0.8640131427142862,-0.28611597591886384,0.12433317932300908,0.04444357128279558,0.9613232303064074,0.3105554269369065,0.6309374181164089,0.19644450723743248,-0.46618128294058664,-0.1483274017373215,-0.8854955324668338,-0.28155408787847064,0.08287332318613147,0.030032336593003233,0.9959683628272664,0.29148940483471236,0.29938043274656984,0.08168342374105837,-0.7644053322448239,-0.21817890669803414,-0.8900849676192171,-0.24319666676812401,0.6162812854810152,0.16858142564560752,0.9645153303448321,0.25063935962644973,0.12880182886502928,0.027505182397944333,-0.865421255382073,-0.2190299184528636,-0.79719697234078,-0.19102974487375488,0.24907146221995372,0.06518127376915918,0.9895124002527453,0.2308836397025818,0.5158753911856356,0.11141663280849409,-0.5909772225715636,-0.13553138883485363,-0.9728646740420603,-0.20702424436999486,-0.16165341504531006,-0.027142342606990128,0.9953372406934101,0.179910788451536,0.47631752268622607,0.07694520211054641,-0.6288400513027754,-0.10717766848711477,-0.9595938985406776,-0.14726789020660264,-0.1091158866933816,-0.011561502935782293,0.8757920953930275,0.12037959436979709,0.7826316183351669,0.09569252418523079,-0.27454117885117724,-0.033377418932302894,-0.9935222110292609,-0.10071156676943002,-0.4883742051215632,-0.04221709834944528,0.9513333060017063,0.0642053280438888,0.20358724715730936,-0.0012100396590116142,-0.8303482985783309,0.015348705636059052,-0.8298471305974809,0.03553913434657557,0.20637355876603364,-0.005136870662927104,0.9850419923579115,-0.07832590783206009,0.5308022714420416,-0.06908324094563421,-0.8479036869254108,-0.05296349104870115,0.17784137868306948,0.008388541549452915,0.9799612983158286,0.03192205881843679,0.5477790278332462,0.008856342142771955,-0.5753043712397248,-0.0005174620677785173,-0.9727787470314484,0.0181365679055403,-0.1411569864664586,0.009204204468608233,0.8694065981482668,-0.045055325624402016,0.7788414570751739,-0.06515314391842082,-0.29949991964803424,0.01462291410173356,-0.8688847489792543,0.19784492070261084,0.15425589177674565,0.033593263920299314,0.9785453503030397,-0.2182266388840355,0.5384938010431221,-0.22757727597415384,-0.9490646837335407,0.23455204973804042,-0.6279810586277511,0.3197772234216294,0.5109622077169664,-0.005400827402553945,0.983832173221488,-0.37589171744809596,0.16973116532113128,-0.3092773371945037,-0.8674353166166696,0.1697908588884807,-0.7652709150475545,0.4928478363634273,0.8731712424967251,-0.015354409234044289,0.7503909864972278,-0.6210202134131417,-0.37509590929553627,-0.5018464740645432,-0.9991399441717312,0.25989600420857084,-0.28558608039000566,0.7656900387817207,0.8104444409309985,0.35864184767411544,0.4856577185257534,-0.6993648474151329,-0.6661094795032377,-0.3738322869876565,-0.9233854177948163,0.45215647669186304,0.060731421302847054,0.7819880402728574,0.9629915635509364,0.1587352867477866,0.5701770213895511,-0.7162667017868379,-0.9161234329146104,-0.5298623648779496,-0.4233768832118496,0.5677166568881066,0.8066242270200907,0.7131776644422134,0.4073744990886996,-0.36139630654977223,-0.47384612006126714,-0.9999053299009966,-0.6604727617695179,-0.426896745011812,0.011523088530107202,0.6642095153270018,0.593387376926629,0.9480753436843616,0.1046918908674861,-0.6592401961442922,-0.6353337536057673,-0.950085671288203,-0.4869120169766178,-0.08100478747373345,-0.12272396255415907,0.4838729024378955
50,0.8433828763785951,0.9784523618757978,0.5491460845911458,0.5915217243959043,-0.44586419115272574,-0.4916769352355716,-0.975190229756668,-0.9961412812188585,-0.2337186317970751,-0.21850669346003235,0.7919362088901047,0.7852887976373928,0.8795700982577391,0.8263484508843443,-0.07887537332067458,-0.08410719008280013,-0.9436160686716245,-0.8453622000972111,-0.6845813685139163,-0.5899129186504318,0.39031221796789006,0.3353817882252065,0.9999999999999999,0.8285477374200797,0.28532499722798454,0.22693281717077066,-0.992516502989071,-0.7689365271260616,-0.5115087753040417,-0.3915376768572127,0.5813830596743661,0.43476289641181604,0.9788469483261725,0.7255220708778392,0.20701741445590585,0.1537948625151155,-0.8119792085753212,-0.5854700362433073,-0.8619691260236757,-0.6170481772824438,0.11631275954418754,0.0807745815647727,0.9556826577240998,0.6689506101820789,0.6564026811672339,0.4555285827767931,-0.4242915216342354,-0.2918258754398634,-1.0,-0.6808125410188168,-0.3860290090771982,-0.25889499966526947,0.6868883994667825,0.46081274813970535,0.9430804905703429,0.6235695608763736,0.0787047314063835,0.04821066013914633,-0.8791474748166779,-0.572937788238358,-0.7927910244176685,-0.5072841331547533,0.23556654383510678,0.15430315560164065,0.9842054578911997,0.6207067119009531,0.5633048736783407,0.34709226586292063,-0.9049894868926402,-0.5562546581050279,-0.756442535463666,-0.45523967252162645,0.29116463581985524,0.1779123611598829,0.9927027007277405,0.5872487053825776,0.5137647454096023,0.297540829268621,-0.5763646415705901,-0.33427635037795655,-0.9807101171770511,-0.5582938027388642,0.01585463959835219,0.011072088248697933,0.9221010551332541,0.522935951815531,0.7252635806317738,0.4054833200480048,-0.33935501532987816,-0.1874668028504494,-0.9977487464376911,-0.544805256739968,-0.46214834515737546,-0.2507782767957446,0.6270090640582722,0.33238093448081646,0.9652441225629127,0.5092446494997066,-0.113953140939496,-0.053359704716227044,-0.9568959503013115,-0.48120061884928317,-0.6477948918892407,-0.327670872124384,0.4414710109591038,0.21229531190430576,0.9990851023083164,0.48828736326563976,0.353513989895761,0.17731376482184655,-0.9822426550189074,-0.4664817144715825,-0.5638961915939983,-0.27193527512465765,0.5333975097147307,0.24317119428834574,0.9884303581968277,0.4587531330962035,0.2539388960237129,0.12328928419556535,-0.78645905203164,-0.353490012812604,-0.8801430315703421,-0.3999227539034991,0.08473340828974374,0.03165696538690495,0.9478796094933734,0.4181551200020942,0.6707270166148304,0.2987421431065047,-0.41290059393447753,-0.17524400771209775,-1.0,-0.43187031713294094,-0.38497276989770807,-0.1685587264937137,0.6930418290558418,0.29142090573507734,0.7762247265051654,0.33534655735225827,-0.27176764446133833,-0.11193574901805797,-0.9913044343133854,-0.4170948000209657,-0.5138107784307783,-0.21673896526642664,0.5844212061334155,0.2399390468582038,0.9767124250409894,0.40043263398016016,0.19004845680216523,0.0781964162417947,-0.9454970732679756,-0.367878524770433,-0.07229751518862026,-0.026737470010614214,0.8885575792155964,0.3383944456423882,0.7714833256535885,0.2883696186809736,-0.28157092606401884,-0.10635216963378576,-0.9931400369553186,-0.36316105913938385,-0.4996891366102105,-0.17767773365414732,0.6000061190132399,0.2153720936046299,0.9719473339631097,0.33916499330597927,0.1640527829319821,0.053213300968662676,-0.842628911988324,-0.28737090743109267,-0.8267253879968545,-0.2734762928042783,0.19325944817626034,0.06698435458969242,0.9781940157579042,0.3157261477880207,0.5752641695946784,0.17867275966090956,-0.5267962215471707,-0.1670051625774525,-0.8509241005608682,-0.27025544737039775,0.15220455742672329,0.05179635735621603,0.9870844679052283,0.28858107919269316,0.23209039305086707,0.06226848973616946,-0.8075181397234551,-0.23005802924301405,-0.8561044571404341,-0.23353393155430546,0.669715127201529,0.18262293256310982,0.9437298402794219,0.2448572451190955,0.05929169865589895,0.009705418474245874,-0.8983390020087614,-0.22690525637481196,-0.7531183554361855,-0.17995597423534718,0.31602479801539674,0.08101490376094724,0.9971852933826953,0.2322371071952945,0.45484723053669884,0.09737775024023729,-0.6458517683214055,-0.14735232966887427,-0.9542578957260254,-0.20259525266551934,-0.09241538432360556,-0.012678455323672991,1.0,0.1803269321830769,0.4137925726292213,0.06599972930438353,-0.6815588511508608,-0.11556728706931245,-0.9376231614294699,-0.14354064266741617,-0.03950937901145447,-0.0014144553010012795,0.9073461406881372,0.12442055679345095,0.7372655038409551,0.08987337443319698,-0.34098949621445573,-0.04085552250376481,-0.9991950945455738,-0.10116920061062509,-0.4263054554426428,-0.03670544564724501,0.9706430372288678,0.06549158279632483,0.1347628516993661,-0.0011394453417730844,-0.8672668048769957,0.01623095172063706,-0.7888285244416801,0.03416004917520276,0.2741650388162906,-0.009351116552321233,0.9948830755157733,-0.0799223492202123,0.4703427089672435,-0.06341216584668968,-0.8088568159817192,-0.05051617619719887,0.24605330603275027,0.011661713502997157,0.9914821318647217,0.03230701283921755,0.4880768898962598,0.007866029297149801,-0.6309756302911731,-0.00045308318479871286,-0.9541439786398573,0.01794725404494022,-0.07171677900071853,0.006698043093462673,0.9018139297523102,-0.047273940947694444,0.7331694895355034,-0.062248108196746955,-0.3653284087041633,0.021271076239820358,-0.832174564142004,0.19385659003288938,0.22281537245906935,0.01769069080919447,0.9905343165929447,-0.22690016972697508,0.4783773991296768,-0.21546922666386537,-0.9688147325060398,0.2493713804212009,-0.5721538908543707,0.3091526643876497,0.5696869167361823,-0.03172203525843084,0.9687979750349486,-0.3856959459493342,0.10057281351732504,-0.28721542238644543,-0.9001060681984357,0.19950018180753723,-0.7185038511985278,0.4927167457750803,0.9050755092089656,-0.059874319550850076,0.7024231633265929,-0.637104117395239,-0.43884548011272095,-0.4664086872493057,-0.993412178968654,0.30714711899789515,-0.21801699056742677,0.7665557473094611,0.8493350141690242,0.3078972840739984,0.4234861825108143,-0.7037673601347039,-0.7165157867863444,-0.3286821453118779,-0.8943052650752229,0.4943936918921055,0.13023453732796272,0.7679288275082943,0.9794524300417349,0.10119618171220784,0.5114741785785791,-0.7488949272947361,-0.9245775694988358,-0.46936344290813486,-0.3679984339302987,0.6237634113250977,0.8167657156495727,0.662538359579625,0.3596142283013947,-0.4255653509086721,-0.5127513811912755,-1.0000000000000002,-0.6418346044063548,-0.3627697548070014,0.057833243033421106,0.714739785698337,0.6056702011428321,0.9235143458443253,0.05245194635713815,-0.7100946895509815,-0.6564460294999538,-0.9259050643941698,-0.4531703550686871,-0.01126065484723006,-0.0775424891462018,0.5437545921269679
51,0.8549406071659839,0.9904720714747325,0.497730772224649,0.5337963458460077,-0.5025657568266262,-0.551225315709041,-0.9679777706212516,-0.9874294622473903,-0.16625859701352677,-0.14988277091412158,0.8326488712841605,0.8241825062093254,0.8442357258322417,0.7920233495688935,-0.148245658138541,-0.1477374726474471,-0.9644236407009551,-0.8633209311081456,-0.6320450472919756,-0.5439345031447869,0.45359587462617235,0.3888895754213066,0.9986166274216896,0.8271892548721054,0.2177506258751394,0.173119496299902,-0.998691012607212,-0.773804508091194,-0.4503153907780695,-0.34495006176989007,0.6367535009364808,0.47644195105491527,0.9621888507336979,0.7133505512314476,0.13822685416360128,0.10351836378207037,-0.8507186877771594,-0.6135983567144373,-0.8244581692953056,-0.5903534962513678,0.18531736905524693,0.12959575878051044,0.9739393639191076,0.6817996753668507,0.6021651263257736,0.4179255596702725,-0.48643369622878246,-0.3345157195035158,-0.9960954007488448,-0.6780853806223539,-0.32073350862720834,-0.214804367071613,0.7359389869310826,0.49348563224312936,0.9175743746821061,0.6064906058123155,0.008949338277886097,0.002443682117171657,-0.9102531447991479,-0.5929017782826922,-0.748300118294552,-0.4784431689756567,0.3027876577455555,0.1970076460009987,0.9943231113534198,0.6267596065640055,0.5042954273452352,0.31015637611060837,-0.9324980038464008,-0.5728175544301236,-0.7089630515889521,-0.4262761133456612,0.3572023505190778,0.2173371015815038,0.998784338814497,0.5906063588596833,0.45265672221089687,0.26175988881702317,-0.6319834307215892,-0.3662589040356703,-0.9646589327838063,-0.5490422328534714,0.08557639079293386,0.05105396425014478,0.9468869238559782,0.5368936267499316,0.6754678605535925,0.37758629077574996,-0.404183093578592,-0.2233085455228277,-1.0,-0.5460966943722926,-0.3991348315864835,-0.21683173571010667,0.6798321124102545,0.3606459640284989,0.9446341502853857,0.4985932973289103,-0.1829807983805604,-0.08863148662199982,-0.9748545436139534,-0.49062251290223635,-0.5930376584577414,-0.30060282329845217,0.5029868479109068,0.24286505476904696,0.9933027624258699,0.4859217091858134,0.2873813091495576,0.1454965597426045,-0.9930092392895844,-0.47210006305548413,-0.5049131271378934,-0.24438019409034964,0.5911426255820771,0.27043810193655904,0.975402231808666,0.45320947440019044,0.18584490786481772,0.09215053430056769,-0.8276847562753867,-0.3726233254683562,-0.8448824282601116,-0.3844195995069941,0.15404647386901696,0.06268943009623026,0.9678596696643298,0.42740237156570565,0.61735426575593,0.2755402165882421,-0.47545806415680814,-0.20264850003427112,-0.9965036880600936,-0.43068023274883144,-0.31965007393464706,-0.1406995809241802,0.7416909362477233,0.31223910374517233,0.7303415977617662,0.3158992629860041,-0.33827095599708257,-0.1402727331354808,-0.9980834983952824,-0.420170445662882,-0.4527044970281082,-0.1913238826386208,0.6396412977746675,0.26286624766875455,0.9593590225891446,0.39343462002617924,0.1210905147343009,0.05023736134561837,-0.9204482192591904,-0.35808325622295023,-0.0025107539243567115,0.00011597063801027649,0.9184057882766279,0.3496464693420367,0.7252175820844026,0.270911265248447,-0.34784945440974446,-0.1308538193773857,-0.9990035408935336,-0.3651337261284697,-0.43804852095993396,-0.15538267826389088,0.6543665984042347,0.23454363199094175,0.9530417390358825,0.3323424335728096,0.0948384195718966,0.029352050161412513,-0.8781465730958418,-0.29919627118991104,-0.7854099102912475,-0.2595042606808912,0.26124417642437037,0.08919879685427261,0.9902991382923471,0.319358682583793,0.5167882918640347,0.16003053635944167,-0.5848446619157492,-0.18486929105280683,-0.8122070519715617,-0.2576401494887189,0.2207942663630807,0.07330803147294097,0.9733915966769393,0.2842668155409157,0.16366963228986345,0.04255018990849214,-0.8466967999967941,-0.24081633219487447,-0.817953091801782,-0.22273344250070304,0.7198861841418461,0.19577471891035803,0.9183465932955628,0.23788221072648547,-0.010507294749103972,-0.00814162927267431,-0.9268801313183844,-0.23367513469613904,-0.7053706216070985,-0.1680054761795761,0.38143849276161046,0.09645383728520157,1.0,0.2324591388461441,0.3916030999016696,0.08286445306118691,-0.6975797891767793,-0.15845538476455281,-0.9310020688636811,-0.1971792372548609,-0.022727115139040188,0.0018472001195468362,0.9997908598262384,0.17986454122742168,0.34925166675265096,0.05473271245131925,-0.7309571647861968,-0.12339387344569173,-0.9110844185253284,-0.139114079545809,0.030289614393547565,0.008739483417825405,0.9344796867919286,0.12785535477111765,0.6883075059216994,0.08361637063496466,-0.40577654702832006,-0.04813458207637095,-0.9999999999999999,-0.10113394827593766,-0.36215978843688046,-0.031014967703469853,0.9852238931473473,0.06645876914056806,0.06528190517425977,-0.0010632997613660834,-0.8999600744796532,0.017034122239961695,-0.7439668250075654,0.03261453967800446,0.3406208143564081,-0.01351980474184351,0.9998771883350189,-0.08112941695673011,0.40759168409304064,-0.05743215304990869,-0.7658692759365673,-0.047822751613132104,0.31306648640863305,0.014878070760586143,0.9981725641306053,0.032534570340935216,0.4259968904130147,0.006837393947482405,-0.6835728394972929,-0.00038649692608632997,-0.9308607166945493,0.017670502966684872,-0.0019271745966323898,0.0041592495256506995,0.9298277145406195,-0.04926224238264962,0.683925593940754,-0.059039805949096406,-0.42937705447576735,0.02781560783262769,-0.7914101084781484,0.1889238095429239,0.29028931904409533,0.0017019304307296513,0.99769749926057,-0.23446826575093005,0.4159303906139997,-0.2023114329401618,-0.9838448132866855,0.2629757988056724,-0.5135392468374557,0.2970219446486905,0.6256361683617881,-0.057888696547217164,0.9490438904972707,-0.39362110257192817,0.03092448107560448,-0.2637542229113132,-0.9283915934942855,0.22823755989451633,-0.6682363088102163,0.49018518872903116,0.9325703390182113,-0.10410252820134913,0.6510332051115605,-0.6500841141588682,-0.5004570398633915,-0.42869860419302575,-0.982844609487084,0.3529018438977834,-0.14938574388179462,0.7636868732902242,0.8840877125928757,0.2556526758555997,0.35925146438336475,-0.7047411890181461,-0.7634313011801419,-0.2819306972631546,-0.8608681469994336,0.5342222707217297,0.19910316377834653,0.7501283426880461,0.9911415027475845,0.04316405905153035,0.450279484982777,-0.7778746119955087,-0.9285272571026749,-0.4065778294247216,-0.3108271332697127,0.6767712531225919,0.8229280038134127,0.6086712344272862,0.31010195314210254,-0.4876610836556228,-0.5491585691337078,-0.9952227706186523,-0.6200694933675125,-0.2968753868222592,0.10386163979005346,0.761787915679142,0.6150022610208227,0.8944540789426737,-4.353876341190006e-05,-0.7574896730086482,-0.6743601663241401,-0.8972135410980603,-0.4172208927433867,0.05853833855777197,-0.031983236525667987,0.6009871641012198
52,0.8623331532535892,0.9976663007033466,0.4438905655675961,0.47347036515617197,-0.5568188726509992,-0.6080881818533491,-0.9560494210881536,-0.9739069861919148,-0.09798856705758421,-0.08052863457448066,0.8693049520748918,0.8590608804575418,0.8047883218127692,0.7538395901082526,-0.2168937050115561,-0.21064799309587215,-0.9805326376963154,-0.8770736493234373,-0.5764294661325747,-0.4953060934159258,0.5146696577785739,0.44050273169699883,0.9923680950151732,0.8218007894231674,0.14911539536124518,0.11846275464496978,-1.0,-0.774902591275463,-0.38692811493377294,-0.29668188465588474,0.6890217431482707,0.5157998284042515,0.9408430657793332,0.697703659405203,0.06876286653232466,0.052737533986307254,-0.8853135510460918,-0.6387372876703458,-0.7829305352403741,-0.5607826723286811,0.25341913097230595,0.17778555848638963,0.9874511354331438,0.6913270810674986,0.5449938835182794,0.37828644524676786,-0.5462060147514487,-0.3755758366071506,-0.9873379248324009,-0.672054656412403,-0.2538754267632063,-0.16966722919364308,0.7814041536273816,0.5237543039512663,0.8875979286746717,0.5864568894809622,-0.06084965512711505,-0.043335201278438644,-0.9369241529584817,-0.609977210461511,-0.700163569213969,-0.4472712777702499,0.3685336206235768,0.23875233495217918,0.9995965225661355,0.6297589914255332,0.44282910438170436,0.27170943567069605,-0.9554634842597926,-0.5865897412094546,-0.6580295709916133,-0.39523577979460095,0.4214998112724244,0.25570299749086767,1.0,0.5910866375239682,0.3893434009624746,0.22470368049912076,-0.6845232601248665,-0.39645708112913935,-0.9439080270372163,-0.5371157843991492,0.1548812224136811,0.09078711046969146,0.9670596546664161,0.548235609903165,0.6223813289565875,0.3478496990496775,-0.46704203242373193,-0.25806235140831435,-0.9973793540819575,-0.5447276038030829,-0.3341767732369952,-0.1818288122039381,0.7293430870470589,0.3871539626914407,0.9194220153819603,0.4855128487319502,-0.2511169917650784,-0.12347146483415522,-0.9880637435821439,-0.49765414338953196,-0.5353912051661713,-0.2720702677338997,0.5620521834997488,0.2722515834996626,0.982681151331329,0.481188693383513,0.21984853555264747,0.11297051004956032,-0.9989379823633818,-0.47541838758751176,-0.44347017668006256,-0.21563451731544403,0.6460077539990365,0.29638746233648106,0.9576220437942221,0.4454578247013565,0.11684550199586814,0.06056283626539616,-0.8648780635851417,-0.38994125473839314,-0.8055056426866826,-0.3670435914634142,0.22260904051229774,0.09341647820364624,0.9831244148135955,0.4345673617373849,0.5609738269705006,0.2509958858319674,-0.5356991504834426,-0.22906570923443217,-0.9881525103201589,-0.42739191756259537,-0.25277007494248954,-0.11215496113945722,0.7867265997527179,0.33153610422798585,0.6809003181677523,0.2949129391645656,-0.40312624543808834,-0.16792632259723345,-1.0,-0.42119906312891425,-0.38939268482161404,-0.16497668928640832,0.6917451213096811,0.284512790543886,0.9373317194136772,0.3845198321513408,0.05154263185062875,0.022033555074808784,-0.8909150340493066,-0.34654344204555254,0.06728823948064444,0.026968846289343023,0.9437796166550027,0.35919505058939105,0.6754186513539168,0.2521330593635346,-0.41243329517929245,-0.15471796246635952,-1.0,-0.36532749830697153,-0.37427377694802405,-0.13233061408414495,0.7055390695045044,0.2525724973784371,0.9294930205554933,0.32390073491021804,0.02516201296478318,0.005347799116234315,-0.9093859923702207,-0.3095639807905958,-0.7402679944518297,-0.24426794988474387,0.32795614930511197,0.11097867154680993,0.9975796229695508,0.3214353339798397,0.455794673522807,0.14060866037104386,-0.6400437978798528,-0.20183275492514766,-0.769533012267817,-0.2437696546966282,0.28830828782787926,0.0944625562292273,0.9549564594346219,0.2785676325382233,0.09445148953235927,0.022624589832711272,-0.8817504385702125,-0.25040140218305434,-0.7758167412202289,-0.21084781850432455,0.7665500279557305,0.20797271050628055,0.8884892540210436,0.22974823811505196,-0.08025509767027707,-0.025949011820171286,-0.9509055937978887,-0.23930657125016877,-0.6541863930131484,-0.15523647233170954,0.4449938575131528,0.11142285740970823,0.9979428071369533,0.23154865293924629,0.32645111832772694,0.0679474485963285,-0.7459092714197578,-0.16878646115353776,-0.9032104935058343,-0.1908025844206845,0.04707187826596273,0.016363856189464506,0.9947108390820292,0.17852586830682693,0.2830092418623163,0.043199043324905186,-0.7767943285902503,-0.13061929727415222,-0.880106963916017,-0.13400976661235303,0.09994103984192564,0.018850844251930506,0.95706054179524,0.13066725431231485,0.6359961430220218,0.07695199628408696,-0.46858669529357994,-0.05517913480357247,-0.9959330059740747,-0.10060598151119877,-0.2962497153460282,-0.025173387954657043,0.9950048372927722,0.06710217504197055,-0.004517088230743161,-0.0009819738914042231,-0.9282688290631167,0.017754304227997248,-0.6954805939852977,0.030910135421897036,0.4054171195280656,-0.017622625801669442,1.0,-0.08194123032893524,0.3428549135049094,-0.05117233657652854,-0.7191504977639629,-0.04489633939033234,0.37855443833206437,0.018021943552967996,0.9999999999999999,0.03260362268631542,0.3618414769007366,0.005775447501795338,-0.732839750541882,-0.0003180276932005913,-0.9030423949072983,0.017307662974208576,0.06787181880836965,0.001600192512236055,0.953311472169642,-0.051010543124539766,0.6313496816002869,-0.0555438677015225,-0.49133381839879764,0.03422462458008974,-0.7467899823180532,0.18307061124342033,0.3563490052465189,-0.014295121581716638,0.9999999999999999,-0.240894055952814,0.351457011044428,-0.1881679982514475,-0.9940817010327334,0.2752990255325979,-0.4524226912307332,0.2834441638519444,0.6785373834638632,-0.08377332992537621,0.9246661595226486,-0.39962857674944635,-0.038874512329396683,-0.23900803937463935,-0.952154088268227,0.2558629875320479,-0.6147131862962605,0.4852654987167371,0.9555217798774036,-0.14782355979880016,0.5964714785628535,-0.6598969664645424,-0.5596304232216116,-0.38889994462975147,-0.9674887198632881,0.3969372664877697,-0.08002670486817288,0.7570973935898533,0.9145332245491606,0.20216255349854959,0.29326650923327036,-0.7022815896690285,-0.806627455014437,-0.2338057111969386,-0.8232369658456268,0.5714481723482326,0.2670017796285822,0.7286733079848597,0.998001833681243,-0.015078354566008692,0.3868910749980742,-0.8030645697783213,-0.9279532532451436,-0.34181140962541007,-0.25214151406007074,0.7264819334036814,0.8250810694631074,0.5518387242042376,0.25907889243844007,-0.5473809806225255,-0.5828903117285477,-0.985596915938293,-0.5952834660861513,-0.2295346717947286,0.14938403307776418,0.8051246915094115,0.6213380917029313,0.861036121678622,-0.052538811767481784,-0.8011942429220116,-0.6889888882044426,-0.8641508836173101,-0.3792387721675378,0.12805213906157378,0.013731835208275197,0.6552917870229874
53,0.8655244988999684,1.0,0.38788776869482144,0.4108376844403684,-0.6083592228990552,-0.6619885035004796,-0.939463294877266,-0.9556397331965006,-0.02924114665271433,-0.010782170821903794,0.9017258665213421,0.8897539964486665,0.7614200699864633,0.711983199940295,-0.28448506755583564,-0.2725322576961979,-0.9918645782436157,-0.8865533528823604,-0.518005578556664,-0.44426460218793745,0.5732360220926912,0.48996980294304177,0.9812848450022348,0.8124085931352861,0.07975368963017987,0.06322887435724309,-0.9964370879124366,-0.7722254269279742,-0.3216557642073965,-0.2469683032221948,0.7379331406876659,0.5526447808376198,0.9149135879817064,0.6786576254832631,-0.0010361268726764921,0.001699772226122497,-0.9155952556857335,-0.660764354766372,-0.737588542317654,-0.5284797715960855,0.32028626035686986,0.22510920482226376,0.9961521442735907,0.6974864107211411,0.48516748529287923,0.33680435728724234,-0.6033172724746809,-0.4148061859875854,-0.973770237793035,-0.6627497494711088,-0.18578048933948244,-0.12370348962993194,0.8230623978336794,0.5514712973381515,0.8532971947797666,0.5635660141344984,-0.1303521951289237,-0.08890295992946018,-0.959030560823889,-0.6240808949856566,-0.6486158936043714,-0.41392032585909816,0.43248412474678927,0.27933384652677296,1.0,0.6296902537839884,0.379205362534651,0.23193875417233206,-0.9737740426207242,-0.5975041217334077,-0.6038902364693047,-0.362269897253343,0.48374376731426555,0.29282313409963195,0.9963437617051515,0.5886872015060575,0.32413323780122577,0.18655273843696213,-0.7337281610128514,-0.4247237591750729,-0.9185584962642039,-0.5225725618339241,0.22343148828743487,0.13007795101291822,0.9825209680478157,0.5569066442734011,0.5662626180864574,0.31641841855556424,-0.5276255894338058,-0.2915589034580775,-0.9898995762070499,-0.5407046551039719,-0.2675906392396289,-0.1459400370020811,0.7753007754770809,0.4117757861647301,0.8897305488395727,0.4700670303395494,-0.3180297684079088,-0.15770990248094688,-0.9964591963114225,-0.5022612529142533,-0.47513637974036904,-0.24221221317335612,0.6183792573478682,0.30031172988210136,0.967272016446266,0.47411137463596653,0.1512446819896215,0.07989407938730982,-1.0,-0.47642052152410236,-0.3798666840989127,-0.18583829084768339,0.6977255975749851,0.3208928528126633,0.935176417442244,0.4355359492578414,0.04727683658646526,0.02868008217969545,-0.8978577719063479,-0.4053594294121016,-0.7622045145912283,-0.34787938393731677,0.29008707828678415,0.1236884106194448,0.9935994766372099,0.4396151834052381,0.5018603800889626,0.2252287283499369,-0.5933303643972122,-0.2543669333248077,-0.9749871528786876,-0.42202139191527954,-0.1846586055535712,-0.08306393365784011,0.8279294103451985,0.3492178941368938,0.6281417606674866,0.2724898291480623,-0.4660175443334265,-0.1947617918951873,-0.997044602124366,-0.42017564109816413,-0.32418379059628566,-0.137825746087392,0.7404788321476491,0.30477321570261334,0.9107378303214817,0.3737317023060593,-0.018256361554373286,-0.006277596461520777,-0.8570414003480006,-0.33331530305293405,0.13675941134668698,0.053690332432453386,0.9645554456094293,0.366993669656434,0.6223291488468813,0.23212648655773005,-0.47500780239237517,-0.17782833519439187,-0.9961245596261149,-0.36374143163631356,-0.3086756087166926,-0.1086338484544082,0.753274225178687,0.26937085494720325,0.9014159055112696,0.31388102442553195,-0.044636980440218854,-0.018682505868679592,-0.9361949745009323,-0.3184235257941315,-0.6915195673549213,-0.22784159019048658,0.3930703527924768,0.13221786930710855,1.0,0.3219459847393033,0.39258046934849644,0.12050175312325143,-0.6921247047976633,-0.21781290990365068,-0.7231098850814915,-0.22871153865049573,0.35441770029502734,0.11515686890690752,0.9318688703138264,0.2715112960313253,0.024773188612083077,0.002588765029481263,-0.912508277640162,-0.2587665417100595,-0.7299006894602773,-0.19793496513054165,0.8094793170867532,0.21915747996196022,0.8543032844115622,0.2204949551817343,-0.14961190582281478,-0.04362997339046594,-0.9702983398091061,-0.24377213024408023,-0.5998150340710255,-0.14171117199495867,0.5063812569215171,0.12584903657310126,0.9910237372303954,0.22951008527041755,0.25970869972004246,0.05269941099196204,-0.7906047586709174,-0.17829522687013846,-0.8710185674140276,-0.18349636057461904,0.11664154221170077,0.030800789196915812,0.9847846871177961,0.1763174353011989,0.21538802439361893,0.03145491280176497,-0.8188470285085052,-0.1372083570160989,-0.8448417166465496,-0.12825257156657638,0.16910556259023113,0.02887036566772018,0.974978694042314,0.13284255612512888,0.5805862708436496,0.06991271954250079,-0.5291139362815378,-0.06195486033259804,-0.9870139264538796,-0.09958787251741526,-0.22889634342092732,-0.019209165990149244,0.9999382178884433,0.06741866589165563,-0.07429407483594026,-0.000895863943351114,-0.9520551512206408,0.018387989030490378,-0.6436060514185988,0.02905514009309005,0.4682382732457687,-0.021639591200009887,0.9952509121846297,-0.08235383426368142,0.27644778824183835,-0.044663213623172826,-0.6689280906550079,-0.041751196714987164,0.4421981110841019,0.021078015247919298,0.9969555363890429,0.032513833459272584,0.29592320808517536,0.00468536365642545,-0.7785363399866253,-0.0002480090613616113,-0.870824541345563,0.016860501787482145,0.13734014753458867,-0.0009666604782474138,0.972150792132788,-0.05251032562788902,0.5756978970741108,-0.05177732531375683,-0.5508968533472901,0.040466902396844674,-0.6985315704311714,0.17632551132813223,0.4206725949154573,-0.03022252919875699,0.9974306012590783,-0.24614623452868165,0.28527136824538296,-0.17310782798983362,-0.999475522656093,0.28628102308008957,-0.3891019777497044,0.26848547158061925,0.7281328326400415,-0.10924982806100515,0.8957835479659497,-0.4036891006715653,-0.10848411301798222,-0.21309743269513642,-0.9712777840343201,0.28224187641358095,-0.5581952429294226,0.4779816439734123,0.9738180146737462,-0.19082440987208374,0.5390038029276922,-0.6664948670822123,-0.6160773434117509,-0.3472066036283256,-0.9474193224479438,0.4390388506154233,-0.010277783792689616,0.7468194114910766,0.9405232225640004,0.14768751550216336,0.22585278912923784,-0.6964005450081422,-0.8458938009698088,-0.18454164720784025,-0.7815950569457107,0.6058900359208242,0.33359958964739167,0.7036682501711559,1.0,-0.07324730795577378,0.32161777058613655,-0.8243420777009424,-0.9228583544153366,-0.27537971899716784,-0.19222748673910456,0.7726532667309363,0.8232144230792371,0.4923177111874999,0.20679362541333798,-0.6044340924743775,-0.6137822713165747,-0.9711693321553384,-0.5675972775957033,-0.16107568691895857,0.19417864237235052,0.8445389807734984,0.6246468256589495,0.8234232829808014,-0.10477812096180404,-0.8409954750196226,-0.7002609254783335,-0.8268781698957202,-0.33940903841463693,0.19694208241562355,0.05938000682140292,0.7064038942280804
54,0.8644990961899256,0.9974617998163019,0.3299952216033086,0.3462034438232326,-0.656935708165201,-0.712663683701406,-0.9183001979282561,-0.9327166994815227,0.039648733679338674,0.059016822583098254,0.9297536631872684,0.916112320406853,0.7143422561168612,0.6666580991905282,-0.3506904474473205,-0.33308877253187297,-0.9983642542675918,-0.8917138576220719,-0.45705801987176314,-0.39105869847541047,0.6290096381286556,0.5370497905607386,0.9654208738628532,0.799058423844676,0.010003431940048298,0.007686949349391444,-0.9880196344940695,-0.7657860579243208,-0.25481633893052585,-0.19605151704037196,0.7832494021424101,0.5867973034504063,0.8845267431502251,0.6563052398283947,-0.07083007237170597,-0.04934627065348872,-0.9414162722749879,-0.6795722443457772,-0.6886530921589029,-0.4936021705388754,0.3855929872760374,0.27133614174014203,1.0,0.700247656692839,0.4229773998479965,0.29368139235446794,-0.6574892290916581,-0.4520156413260617,-0.9554584400381828,-0.6502159923697628,-0.1167804480462862,-0.07713707909937509,0.8607107647716744,0.5765015779981063,0.8148392827250277,0.5379295018166284,-0.1992196723390211,-0.13403759229619908,-0.9764646681983767,-0.6351441201218238,-0.5939082265597752,-0.3785527957274865,0.4943276096873883,0.31855447167962886,0.9955315779535131,0.6265537285222508,0.3137341702789186,0.19103809037804353,-0.9873404717294326,-0.6055075222371803,-0.5468088094177528,-0.32753907218790995,0.543630972347505,0.3285166658335413,0.9878334367554004,0.5834197406170397,0.25734393008716683,0.1474929301853533,-0.7793584120544789,-0.45092122575938853,-0.8887338408305689,-0.505483418276254,0.29089321840950694,0.16873506485419995,0.993195538035549,0.5628644854527972,0.5073851326615296,0.28344557933251646,-0.5856386076088955,-0.32363500983759047,-0.9775971071012186,-0.5340474476766365,-0.19970083054600324,-0.10934025660979031,0.8174812764619399,0.43439147939938144,0.85570440449864,0.4523310926263069,-0.383393135987298,-0.1911799933357962,-0.9999999999999999,-0.5044213961019011,-0.41256673763301277,-0.21117412505731845,0.6716936496134542,0.32690878770378473,0.94715042952692,0.46472423292870224,0.08190397953900433,0.046428412801209976,-0.9961901181562665,-0.4751015825694508,-0.3144125192168986,-0.15513667890731328,0.7460441921746801,0.34383488556597835,0.9081747055880924,0.42349218644946296,-0.02252215681853677,-0.003342398383473775,-0.9264632074151741,-0.41880273369230175,-0.7151900027172153,-0.32702034302139066,0.35615184097531033,0.153357745531821,0.999233821686918,0.44252124408950483,0.4403019198824611,0.19836427914329877,-0.6480709324169996,-0.2784289072848995,-0.9570717560337567,-0.4145948204679944,-0.11564749800021404,-0.05356822704099866,0.8650986320736502,0.3651983295688263,0.5723229596498364,0.2487391760745309,-0.5266384525966922,-0.2206484013204147,-0.9892317031697552,-0.41710516557989163,-0.257395505530012,-0.11000332970763274,0.7856050045480663,0.3235488163901346,0.8797069180670056,0.3611227891745218,-0.08796641180100546,-0.03455816417891088,-0.8189923470936987,-0.3184632854085783,0.20556430510765636,0.08015024467288617,0.9806320573896216,0.37300433245498565,0.5662077212829704,0.21098901684268856,-0.5352681193398195,-0.20007234614859892,-0.9873961005278219,-0.36038325327388415,-0.2415736039476554,-0.08440782963483723,0.7973395045466605,0.28485686478773065,0.8689471827854042,0.3023321171410546,-0.11421850696340972,-0.04262179156296021,-0.9584429088218657,-0.3257317433878192,-0.6394021264371637,-0.21030520917137785,0.4562695570323303,0.15281291489863663,0.9975484775500977,0.32088814702301427,0.3274536525895716,0.09980777344703666,-0.740833649725833,-0.23273190227958068,-0.6731638392218005,-0.21253916297806139,0.41880042535228224,0.1352901488948018,0.9042413097279931,0.2631321837823826,-0.045025804792918955,-0.01745967197675114,-0.9388204681064591,-0.2658709966569748,-0.6804286349106355,-0.18405779250299584,0.8484649043535063,0.2292745362048984,0.8159552350746933,0.21016744299084647,-0.2182398198091217,-0.061098374116072274,-0.9849638898428213,-0.2470500559233313,-0.5425214365761042,-0.1274954690730054,0.5653016177474252,0.13966209188061088,0.979276499293409,0.22635336753642452,0.19170100643314908,0.0371946271545694,-0.8314484990091455,-0.1869353561636016,-0.8345831264162609,-0.175296160904824,0.18564294028855108,0.04508766385548443,0.9700607631481358,0.17325000147414996,0.1467174581208026,0.019557537105291033,-0.8569103880140831,-0.1431289514347991,-0.8054604854567724,-0.1218705428840307,0.23744622003602964,0.03874923356401573,0.9881468480965294,0.13437066235778833,0.5223478407140558,0.06253283505890567,-0.587063387358279,-0.06842874800976399,-0.9732862142982943,-0.09808458141926484,-0.1604278115192597,-0.013151358899836057,1.0,0.06740669977801712,-0.14370910817655183,-0.0008053894362179245,-0.9712031563816672,0.01893208939878116,-0.5885959248644421,0.027058591042362,0.5287782171633644,-0.025551130685227897,0.9856530619673678,-0.08236521859607343,0.20869383714288592,-0.03793649598257538,-0.615446733128798,-0.038402646406062155,0.5036874390885364,0.02403139697133742,0.9890540056184187,0.032265640103895286,0.2285632311459201,0.003572453190292592,-0.8204399786411543,-0.0001767821543054595,-0.8343641181533682,0.016331197930858778,0.20613936886740253,-0.0035288039960492323,0.9862538911569187,-0.05375428310309869,0.5172413702623396,-0.047758529001700974,-0.6077759742022342,0.046512029532841136,-0.6468699829492964,0.16872137124583195,0.4829467099878298,-0.04600269569149902,0.9900018208901957,-0.25019921339245865,0.21769591201562494,-0.15720429379099127,-1.0,0.2958682882600031,-0.3238855985454731,0.25221874507981856,0.7741808918472539,-0.13419407201607456,0.8625367690074073,-0.40578289187389904,-0.17756519001272905,-0.18614863674402116,-0.9856695120690998,0.3072457112440819,-0.49895782844862224,0.46836911070719595,0.987369905990443,-0.23289558260207424,0.4789101549451387,-0.6698456717032876,-0.6695227967126649,-0.30382170695510946,-0.922734193327891,0.4790014815949084,0.059521209612312415,0.7329030002895399,0.9619310859795718,0.09249295877574844,0.15733873693921158,-0.6871267068939141,-0.8810390373558032,-0.13437851486360688,-0.7361452954940153,0.6373800641422631,0.3985721359987542,0.6752349913751027,0.9971262668384058,-0.13105940782397196,0.25477757672480683,-0.8416034738835807,-0.9132673824482155,-0.20760640605904407,-0.13137694642538483,0.8150603110095131,0.817337158775349,0.43039817576946,0.15350088063204403,-0.6585424621851983,-0.6416839453759254,-0.9520103090077231,-0.5371458122234877,-0.09183195748779079,0.23802723284006763,0.8798387610160181,0.6249123430696367,0.7817988088185168,-0.1565069616830603,-0.8766994616995084,-0.7081213619132762,-0.7855769888479004,-0.2979257379438571,0.26487254374069336,0.10473888501015417,0.7540744726679641
55,0.8592619407823906,0.9900640660084081,0.2704949709631465,0.2798825348280369,-0.7023116686961124,-0.7598668380720422,-0.8926632347221536,-0.9052495637630261,0.10834544936638273,0.1285282919608257,0.9532517934646568,0.938007437227305,0.6637842385808903,0.6180851071937441,-0.4151872987301224,-0.39202251234973906,-1.0,-0.8925300220822121,-0.3938837204573586,-0.3359475960929941,0.6817187824354864,0.5815133255828807,0.9448534692697786,0.7818153222341663,-0.059795561464953725,-0.047892425703000986,-0.9747886487318339,-0.7556158562230056,-0.18673547406443455,-0.14417958757455804,0.8247497512418722,0.6180910085854427,0.8498305729384327,0.6307554010166538,-0.14027894087795445,-0.10015190346274462,-0.9626508034165517,-0.6950693262610939,-0.6363625933583203,-0.45631978932351563,0.44902114392086767,0.31624115625007704,0.998975956246058,0.6995973664697777,0.35872661102859393,0.249127641198894,-0.7084579642750855,-0.4870229218964499,-0.9324917448058111,-0.6345144483130744,-0.04721146414893801,-0.030194864473238162,0.8941658353820454,0.5987232009197903,0.7724115555922116,0.5096722510383928,-0.2671165713309751,-0.17851920698668372,-0.9891415378632873,-0.6431129869492213,-0.5363070983348258,-0.34134099442708443,0.553762780203228,0.35622313146744516,0.986213026129721,0.6203646964761135,0.2467344966820357,0.14920670821051377,-0.9960966773069923,-0.6105609509580167,-0.4870633848117453,-0.29121250968688894,0.6008696619290615,0.3626096973938894,0.9745104865984463,0.575309917396883,0.18930086861384632,0.10771455120381997,-0.8211917072534115,-0.47492184945824817,-0.8545793634596207,-0.48593161031575743,0.356937746011972,0.20657011842070147,0.9990313591976395,0.5660801074380076,0.44603571787244994,0.24909182173881061,-0.6407984533559017,-0.35413439898085225,-0.9605318831573076,-0.5247884147664815,-0.13083809947981478,-0.07220778147814169,0.8556790908408071,0.45489086101127796,0.8175093543140962,0.432391443297951,-0.44688865074670037,-0.22371867448045915,-0.998668904208226,-0.5041240489520019,-0.347987111850972,-0.17910721783114958,0.7217356179365331,0.35191317877253164,0.9224144209221468,0.45307300147252605,0.01216424913303237,0.012736551654910368,-0.9875268981935564,-0.47146799646156506,-0.24742656814589564,-0.12367925666159119,0.7907281344621999,0.3651017893189778,0.876748457857717,0.4093852122779885,-0.09221142453943817,-0.0353485951176946,-0.9505550073052299,-0.43020567315185665,-0.6646911570406114,-0.3045680918662337,0.42048146769486094,0.18227993692343286,0.9999999999999999,0.4432713857546473,0.3765983529812848,0.17053341910818146,-0.6996541639979138,-0.30113440359627625,-0.9344936017979458,-0.405148384730315,-0.04607296746144567,-0.023811541406672805,0.8980531802260505,0.3793995554487076,0.5137158587024763,0.22377669073833953,-0.5846936312564203,-0.24546003391391,-0.9765993667945242,-0.41200259562217856,-0.18935321543410188,-0.08164498816303464,0.8269037883350641,0.3407481197672163,0.8443901621355383,0.3467545221140621,-0.15724789853169682,-0.06267036799419656,-0.7769532454491792,-0.3020597466495295,0.2733677102373929,0.10621967297794709,0.991931128359001,0.3771977556400809,0.50732778661597,0.18882362984613182,-0.592920663814805,-0.22134162474357238,-0.9738571468804664,-0.3552693239271025,-0.17329467686308073,-0.059770584353931296,0.8375202259967682,0.2989550806167238,0.8322450367312747,0.28931027817218447,-0.1832435724018799,-0.0663534281730739,-0.976021405633363,-0.3314530286701618,-0.5841695826318808,-0.19174424231299175,0.5172458618543778,0.1726634713294791,0.9902369991907936,0.31826697450999286,0.26073151455075483,0.07862754033122969,-0.7859333275808762,-0.24651704822173356,-0.6199382068036127,-0.19533131786795974,0.48114279683489086,0.1547643088765983,0.8722083763751837,0.25347111798400673,-0.11460543700294795,-0.03742304721615239,-0.960558819622045,-0.2716801548334365,-0.6276416004481565,-0.1692839088118001,0.8833168558936433,0.23827458995404185,0.7736319338520737,0.1988160161436648,-0.2858044913307085,-0.0782691097045722,-0.9948307948134464,-0.24912437856350866,-0.4825847291762482,-0.1126586210415282,0.621467885915589,0.1527947275152629,0.9627583246883941,0.22209387894875487,0.12275936511263122,0.021508634832470147,-0.868241505837112,-0.19466475519251192,-0.7940816803185967,-0.16624193595980907,0.25373990462107876,0.059154875947945246,0.9506108006505847,0.16933851105494832,0.07733209914001082,0.00756487905395718,-0.8907989662455873,-0.1483522359893808,-0.7621551317464547,-0.11489477316693818,0.3046300633658232,0.04843931908944699,0.9965008500349923,0.1352441282303324,0.46156458441072284,0.054848296888681945,-0.6421527246232173,-0.07456925770506022,-0.9548167495410353,-0.09610343209986735,-0.09117769144601745,-0.007029479710932842,0.9951898826312052,0.0670663349987579,-0.21242400518771629,-0.0007109911527089468,-0.9856195573898018,0.019383954530568053,-0.5307182181298014,0.02493021525599562,0.586742006759542,-0.02933818763013824,0.9712532091097,-0.0819753278627882,0.13992315064720623,-0.031024955546914246,-0.5589669809832739,-0.03486700226406733,0.5627228525202157,0.02686770014433869,0.9763339031517823,0.0318602517932626,0.1600897171196175,0.0024421380913183396,-0.8583465161900814,-0.00010469398236361143,-0.793838756847518,0.015722330119522576,0.2739342999161513,-0.006073755535496437,0.9955520603612279,-0.05473635511439175,0.4562648954875711,-0.04350705793701949,-0.6616940716042906,0.0523305547363263,-0.5920569099336358,0.16029523760263487,0.5428679572347751,-0.061558741675007266,0.9777498511645715,-0.2530332468385245,0.14905986318524167,-0.14053487607491916,-0.9956525778635559,0.30401411288008995,-0.2570912812619948,0.2347232342059287,0.8164572195697776,-0.1584845359414232,0.8250877976121546,-0.40589974961617675,-0.2457811872505252,-0.15829294334628452,-0.9952591573202317,0.3307526758536325,-0.43728954158268574,0.45647473021391255,0.9961114303752302,-0.2738321114642095,0.41648330482757445,-0.6699330555444757,-0.719706402248191,-0.25895662146565923,-0.8935535959708616,0.5166304655051237,0.12903022166713432,0.7154159593417447,0.9786525178372258,0.03684778565153637,0.08805814623845021,-0.6745052565334337,-0.9118919401135356,-0.08356070390263777,-0.6871091081597392,0.6657648407604209,0.4616028789678601,0.6435120555754547,0.9893946347355564,-0.18823299943129812,0.186696132119828,-0.8547646625391432,-0.8992270635951229,-0.13882165557912182,-0.06988635083464513,0.8534964633824276,0.8074779099923513,0.3663817837025445,0.09946029499016533,-0.7094424792167084,-0.66645939975525,-0.9282131873303631,-0.5040774264478275,-0.022140831990658597,0.2807161785558018,0.9108520552559508,0.6221333503608578,0.7363654894458098,-0.2074733162190221,-0.908132256727516,-0.7125319022530879,-0.7404485556763376,-0.25499097322520525,0.3315125726575534,0.14958748587945186,0.7980712760763118
56,0.8498385475720721,0.9778428395918136,0.20967689601451298,0.2121980662568546,-0.7442660373732596,-0.80336799758914,-0.8626773059666792,-0.8733721431652444,0.17651431691496022,0.19741358441973875,0.9721057768248212,0.955332676101764,0.6099923309579117,0.5665008666844085,-0.47766139922799417,-0.44904635789340386,-0.9967638462520568,-0.888997869991572,-0.3287904591499389,-0.2791997907917471,0.7311066613604226,0.6231437861362973,0.9196828335507604,0.7607632949615332,-0.12930323690512732,-0.10323847367149817,-0.9568085906583889,-0.7417643700244119,-0.11774485273928553,-0.09160522965096364,0.862232002456838,0.6463734364569402,0.8109941135999548,0.6021325852944711,-0.2090443844850345,-0.15046960626556416,-0.9791953966091905,-0.7071801002869899,-0.5809717999698403,-0.41681426396367754,0.5102617146879629,0.35960547563521156,0.993085002049997,0.6955387082005569,0.29272814221933285,0.20336016521762204,-0.7559751634705104,-0.5196574757467315,-0.9049820435264886,-0.6157216136453743,0.022587529256064016,0.016894456497435224,0.9232646199236705,0.6180279045900388,0.7262207170030872,0.47893192828517295,-0.3337121052378667,-0.22213109404541603,-0.9969994093838878,-0.6479486719496937,-0.47609313583619006,-0.30246621411331026,0.6105000741179576,0.392156307966176,0.9720897435764113,0.6111533099875857,0.1785327574189829,0.10664840595878937,-0.9999999999999999,-0.6126397880991574,-0.4249450363543768,-0.25346718911125343,0.6551809749169071,0.39493613095793384,0.9564398193082366,0.5643972420891195,0.12033555233709413,0.06741139775624941,-0.8590242390005072,-0.4966087016455245,-0.8162614613319152,-0.46401239239547765,0.42124330879512345,0.24339878313461297,0.9999999999999999,0.5665378440419535,0.3825132619012493,0.21352451382821563,-0.6928363934509947,-0.3829084809297452,-0.9387870444309823,-0.5129726654511318,-0.06133793834476041,-0.03472351729343239,0.889708122701659,0.4731740600737974,0.775331480731087,0.4103452263216833,-0.5082069689207532,-0.25516742073117504,-0.9924723939009966,-0.5013706601099807,-0.28171212783953536,-0.14616771824350192,0.7682613628776357,0.3752030842084872,0.8931845019794143,0.43921444389591463,-0.05763474427196968,-0.021017360690779127,-0.9740525464487036,-0.46553746566671567,-0.17923517970611758,-0.09161928150960842,0.8315597287623342,0.38458995385431927,0.8410507797711065,0.3932837545035533,-0.16145144746904252,-0.0671825770497304,-0.97001579874915,-0.4395126938159391,-0.6109540028614271,-0.2806320155825825,0.4827625509704531,0.21031407878507036,0.9958942788327303,0.44186195378587706,0.3110600367599195,0.1418717373971291,-0.7478287508208195,-0.32237280336325524,-0.9073626886691444,-0.3937281067876021,0.02372602594355636,0.00606115166385783,0.9266325035563785,0.39175238483155245,0.4526059857300539,0.19772398785882464,-0.6399002413178653,-0.2690758098957318,-0.9592091364716951,-0.4048927904329499,-0.12038841550631547,-0.052888880443031756,0.8641739799853717,0.356287332556673,0.804959622211948,0.33069690187750506,-0.2257632893072435,-0.09047724807621715,-0.7311289056918991,-0.28418460316774413,0.3398392953616791,0.1317716097134236,0.998397610579584,0.37955350927548354,0.4459762019689874,0.16573831310544912,-0.6476845584158616,-0.24153254919197756,-0.9555736591052877,-0.3484245581456955,-0.10417147553234742,-0.03484214279417053,0.8736206330930594,0.31159681734381217,0.7914882765151678,0.27487894860942663,-0.25137589357518586,-0.08976179755095104,-0.988844824265943,-0.33555950811436513,-0.5260910233405365,-0.17224911678012056,0.5757021968308429,0.19167282868407576,0.978101185709707,0.31409523728924316,0.19273911878168865,0.057064241742542224,-0.8272040172656864,-0.25910118788475683,-0.5636922977578489,-0.17717183821184093,0.5411410889756262,0.17348447270240244,0.8359261314867539,0.24257516637764048,-0.18362672304399685,-0.05720410113126861,-0.9776174251234678,-0.2761657146047435,-0.571796759198607,-0.1536852909332322,0.9138653765025659,0.2461137938522074,0.7275395756129368,0.18649597765074716,-0.3519767520994974,-0.09505852605817439,-0.9998509841517823,-0.24998499227321963,-0.42029691748509274,-0.09727291153274166,0.6746064250133041,0.16518296259633253,0.9415496883016262,0.21675237130764569,0.05321965250501284,0.005717854603507916,-0.9008045273239701,-0.2014457671017569,-0.7497115480952306,-0.1563777970133787,0.32060067364413847,0.07293389143101502,0.9265295578873274,0.16460202043173444,0.007569985945602552,-0.004464634327708874,-0.920347661456341,-0.15285276336253678,-0.7151366348458341,-0.10735924766415852,0.37032977964820535,0.057893413121377545,1.0,0.13545869830483054,0.3985326318484522,0.0468965433293483,-0.6941135583627575,-0.08034647347249296,-0.9316955135578564,-0.09365407651956253,-0.0214833628251997,-0.000873353603478792,0.9855313001903686,0.06639922977686916,-0.2801039937983917,-0.0006131289917725519,-0.9952341189884649,0.019741382984350315,-0.470254905584041,0.022680381966878507,0.6418472482778861,-0.032982311873978765,0.9521215082472809,-0.0811860615722866,0.07047077262659754,-0.023962264646445994,-0.4997639978935638,-0.031161489591860783,0.6190167367791198,0.029573106582968516,0.9588572000497315,0.03129964353847447,0.09083626208367025,0.0012999251410460752,-0.8920712757928199,-3.2095751863492e-05,-0.7494458929147003,0.015036864696247156,0.3403946505914881,-0.008589116348506506,0.9999999999999999,-0.05545175710564663,0.393065544005574,-0.03904362485938291,-0.7123884620027466,0.05789413073738507,-0.534359395166131,0.15108816167465866,0.6001444063629688,-0.07681487965693755,0.9607343824471444,-0.25463452774080614,0.07969760968486667,-0.12318078656912682,-0.9864544364504078,0.3106788113016169,-0.18904444109893334,0.21608417532928445,0.8547558497885499,-0.1820028791384745,0.7836190814044697,-0.40403910457922454,-0.31279976324987363,-0.12966606264011651,-0.9999999999999999,0.35264824667356637,-0.3734908240263493,0.44235645071970636,1.0,-0.3134345578047976,0.35202738991364396,-0.6667565928804863,-0.7663836705365996,-0.21282992534665576,-0.8600196953139545,0.5517424777189117,0.19791061145206648,0.6944434837533974,0.9906060530017837,-0.018976906180442107,0.018348545100790814,-0.658597684364154,-0.9383021970020919,-0.03233579359174761,-0.6347253943184751,0.6909060779968416,0.5223847391107953,0.608653993726648,0.9768427714258764,-0.24448953878650848,0.1177051227257892,-0.8637615236794585,-0.8808058008781829,-0.06936057994752211,-0.008055275967590434,0.8877744667789074,0.7936847099992665,0.30058041641399835,0.0449351487888084,-0.7568861638023844,-0.6879879309312316,-0.8998939043079928,-0.46855322612019923,0.047658161414343446,0.3220375032671036,0.9374277698412049,0.6163233865057464,0.687344671427723,-0.25742888161350835,-0.9351407226858812,-0.7134710587885789,-0.6917127315711481,-0.21081391811660316,0.39653750564395324,0.19370731155402635,0.8381799564494586
57,0.8362748263834543,0.9608576611531459,0.14783729630514303,0.14347979003694228,-0.7825944167296845,-0.8429552289762524,-0.828488500092554,-0.8372397412770213,0.2438232244546851,0.2653370977393029,0.9862237585560257,0.9680036302079597,0.5532286020147207,0.5121566908970557,-0.537808381403183,-0.5038824947193941,-0.9886715592395249,-0.8811346096400863,-0.262095363775442,-0.22109175217482743,0.7769326621217965,0.661738352801853,0.8900315955128779,0.7360049053875066,-0.19818095997261506,-0.15808155417376363,-0.934167057309319,-0.7242990823769533,-0.04818059032726193,-0.03858458025663524,0.8955135460270925,0.67150679791925,0.7682065724608612,0.5705762401428901,-0.27679138486397326,-0.2000542362718111,-0.990969448257926,-0.7158455639497828,-0.5227505703709884,-0.3752780614078307,0.5690163416724268,0.4012178332904661,0.9823558375485039,0.6880914552602894,0.22530353132610909,0.15660193895310098,-0.7998093276598658,-0.5497603106109626,-0.873063360699582,-0.5939290451681142,0.09227647848902101,0.06390146937427793,0.9478653520432624,0.6343216384330722,0.6764918040801761,0.4458582973194176,-0.39868182731266294,-0.2646607807424986,-1.0,-0.6496276161519999,-0.4135596954364751,-0.2621178488081737,0.6642630730388374,0.42617893835190984,0.953230537506517,0.5989644460057144,0.10946122450783481,0.06357052339349292,-0.9990314232126561,-0.6117339057750154,-0.36075639839521384,-0.2144870018686997,0.7063003120535186,0.42533847539079234,0.9337094733593512,0.5507348801509098,0.050783973345444836,0.026779822754981437,-0.8926716910040061,-0.5158761261573155,-0.7739668154149159,-0.4398325527418097,0.48349661652105436,0.2790416334434528,0.9960967413220089,0.5642354652179119,0.3171272397681644,0.17691693594965868,-0.7414989042808651,-0.4098170712493745,-0.9124685295907327,-0.4986577648735363,0.008461055060241626,0.002929916377135718,0.9194025860218562,0.48915200267892756,0.7293762701100038,0.38629984865053496,-0.5670493538270103,-0.28537301695742817,-0.9814406578536577,-0.49617464380950616,-0.21406467065886856,-0.11251610422530038,0.8110442156841606,0.39666503793346114,0.8596030779256303,0.4232160776983235,-0.12715294699630292,-0.05466887856784084,-0.9558327086089722,-0.4573388831348004,-0.11017057548746853,-0.05911294642764881,0.8683400476520298,0.40220443479332946,0.8012555868275789,0.37526625780992073,-0.22990489517562224,-0.09868925221954973,-0.9847507707272107,-0.4466784528154114,-0.5542403421931837,-0.25532872832804404,0.5426916636248377,0.23732359159556288,0.9869366608459307,0.43829981479407026,0.24400626730710367,0.11251887084237436,-0.7923599911412091,-0.3420406352370493,-0.8758111957289252,-0.38038962508603225,0.09340942853509318,0.03590431541274698,0.9506973664741541,0.4021966359743102,0.38929106189095075,0.17070799358560798,-0.6919893217261557,-0.2913806755791475,-0.9371457356553418,-0.39581038826841325,-0.0508370953195835,-0.023875103413881354,0.8972340028716553,0.37009074927579105,0.7616073999232003,0.31302815957653757,-0.2931787840309317,-0.11784333210035161,-0.6817425793989091,-0.264924940865462,0.40465521759948975,0.15668156841201225,0.9999999999999999,0.3800601163662813,0.38245186609538295,0.14184553596327418,-0.6992929989533386,-0.2605467513394858,-0.9326347125168756,-0.33988230294051663,-0.03454076124410234,-0.00974395381703713,0.9054648482809595,0.32272048569840384,0.7468754649760035,0.2591084364397793,-0.31828353666321,-0.11273285647398432,-0.9968506903130336,-0.33803117536535915,-0.4654494014659619,-0.1519148108647173,0.6313537685737307,0.209748375284209,0.9612001615702302,0.3083932596451631,0.1238077173999848,0.03522293190416208,-0.8644446521286351,-0.27042301260516594,-0.5047001364995604,-0.15814919516920492,0.5985029961261829,0.19135943761579818,0.7955713385127213,0.23049741294425286,-0.25175339814846814,-0.07670646241580893,-0.9899131767994488,-0.2793058227745767,-0.5131661816150511,-0.137337933765629,0.9399616368585948,0.2527539560859969,0.6779027176934362,0.17326734950122524,-0.416434217512637,-0.1113848268280708,-1.0,-0.249627704228979,-0.3559614614600484,-0.08141329817680647,0.7244583494195566,0.17676644288776647,0.9157539164776961,0.21035486790139765,-0.016579340899989196,-0.010100782438326275,-0.9289789197022603,-0.20724535548293985,-0.7016888965702859,-0.1457518011589403,0.38589950841187104,0.086357580326322,0.8979343562524684,0.15906360531071453,-0.062229007459398605,-0.0164723964597135,-0.945412515373503,-0.15660860743729652,-0.664634064145528,-0.09930067869847295,0.4342252864695607,0.06706545626400652,0.9986272504846562,0.13501332721744824,0.3335590683641744,0.03871631452493791,-0.7426927406180039,-0.08573224929756684,-0.9040351506863298,-0.09074844769252931,0.048315630579802336,0.00528702739494221,0.9710713083202639,0.06540863418193474,-0.346419343907238,-0.0005122797280197493,-1.0,0.020002633404629714,-0.40750055840813293,0.020320052136642782,0.6938254745208815,-0.03646574960973975,0.9283511671036005,-0.08000126495059917,0.0006750680854510977,-0.01678283200129885,-0.43812621484221753,-0.027304161274704676,0.672294833719781,0.032134435819004464,0.9367090410530267,0.030586546566596037,0.02114026190968048,0.00015137908615462363,-0.9214499538105868,4.065884591345267e-05,-0.7014018039256402,0.014278141179671975,0.4051966327454939,-0.011062631850041544,0.9995760401584206,-0.05589700371027392,0.32795121670399213,-0.03438997516608297,-0.7596121674233643,0.0631756523529891,-0.4740585351389954,0.1411449994103324,0.654497012269667,-0.09169678326658433,0.9390383123911178,-0.2549952548197078,0.009947077441280943,-0.10522657265325859,-0.972450388180926,0.3158299137838073,-0.12007659542151855,0.19639237607114132,0.8888901954269102,-0.20463452260322915,0.738332651801298,-0.40021002163863123,-0.378294410245191,-0.10040746191075292,-0.9998689431994165,0.37282575068378443,-0.3078724967185228,0.4260830550631087,0.9990166701444184,-0.35150998248609244,0.28585643294172536,-0.6603317591181218,-0.8093271946187712,-0.1656663432249526,-0.8222958651503554,0.5841664560422131,0.2658268006319093,0.6700877493174181,0.9977334550514891,-0.07470914443306283,-0.05145044830421211,-0.6394814904786594,-0.9601411399046603,0.019046653455137647,-0.5792493621584649,0.7126812902708978,0.5806215933147117,0.5708306308020913,0.9595318283257015,-0.29955494968475344,0.04814066580550969,-0.8685502255014124,-0.8580933408376544,0.00043841345747904794,0.05381504339426486,0.9177273222120176,0.7760247578799734,0.23331465155092102,-0.00980891694058222,-0.8006423750799452,-0.7061646540640205,-0.8671904286408536,-0.4307462815737187,0.11722496904751645,0.3617898936335847,0.9594364305617026,0.6075107570641892,0.634975179262085,-0.3061302793734343,-0.957593277043338,-0.7109342560435117,-0.6396069525684634,-0.16560979878987797,0.4596305477626664,0.2368834146781005,0.8742051083283392
58,0.8186368583027483,0.9391912807744148,0.08527744814872909,0.07406249470250978,-0.8171100747539172,-0.8784356672213547,-0.7902633815253507,-0.797028391528341,0.3099442497538916,0.331967915390273,0.9955369572704111,0.975958567931167,0.4937695989328587,0.4553173391934616,-0.5953352152044835,-0.5562637666812011,-0.9757625637712958,-0.8689785500417755,-0.19412336613436507,-0.16190657676537729,0.8189735250503101,0.6971089967302639,0.8560442130073199,0.7076607738973864,-0.26609316532419747,-0.21215447723439537,-0.9069743559591832,-0.7033050824064423,0.021618403077740107,0.01462404933419638,0.9244322376178095,0.6933686457617247,0.721676406120593,0.5362401049034561,-0.34318988543882745,-0.24866422214832323,-0.9979155963666496,-0.721023499981557,-0.4619825525399926,-0.3319135418596237,0.6249987782375851,0.4408754979922052,0.9668407341525377,0.6772918899167051,0.15678126427569636,0.10908076378357219,-0.8397469012014147,-0.5771847685036103,-0.8368912009393684,-0.5692429140843333,0.16151586599437867,0.11059716071568239,0.9678481794467916,0.6475250210154478,0.6234670910885035,0.4106124895466405,-0.46170921160015066,-0.3059010667194134,-0.9981286911357607,-0.6481416399087533,-0.34901143377146887,-0.22049247169163771,0.7147898490393624,0.45812526778935025,0.9297272880762893,0.5838574874505985,0.03985640751388835,0.020182931628311144,-0.9931956657537079,-0.6078477173532145,-0.29481019152617743,-0.17446185551320068,0.7539786250668644,0.4536686135264208,0.9064301887124077,0.5343893932362819,-0.019015020059558095,-0.01398222085085147,-0.9219701362599781,-0.5326302540381549,-0.7279014809720863,-0.4135098931029967,0.5433943773322047,0.31332502096332304,0.9873405994475914,0.5591841879240792,0.2501962056004477,0.13944743654278322,-0.7865489069842869,-0.434729073992544,-0.8817045597953322,-0.48191345379038014,0.07821882705549246,0.04056907578962858,0.9446178123609797,0.5027468458963928,0.6798676116175909,0.36037245694748615,-0.6231291312810251,-0.31418830453066077,-0.9656274415753261,-0.4885613145196926,-0.14537431192045724,-0.07831632305739246,0.8498757425977518,0.41619447946625404,0.8218337540831918,0.40515584531171733,-0.19605167334423973,-0.08805405516381565,-0.9329561498928663,-0.4469121915357964,-0.04056923129935207,-0.026318619012707108,0.9008899011148012,0.41785941615547445,0.7575567572069584,0.3554205016298714,-0.29723826934286546,-0.12971512327276433,-0.9946881359370902,-0.4516680392927281,-0.4948264782898195,-0.22878150517464527,0.5999768370452188,0.26317688772348585,0.9731707866540155,0.43260232316233,0.17576372384739355,0.08261782365923367,-0.833030933232508,-0.360042079517773,-0.8399928386793476,-0.3651979233676732,0.16263774978028991,0.06557255694603516,0.9701305273862322,0.4106814255352653,0.324079551129714,0.14286032712714905,-0.7407070997175197,-0.31226596390062467,-0.9105166550164355,-0.3847996376789541,0.018961898085418538,0.005254990719184472,0.9259227918855948,0.38209112106582976,0.7145447029385337,0.29383437554759323,-0.3591659411890513,-0.14463529525606417,-0.6290348717876106,-0.24437459088144475,0.4674997002929558,0.18082819025887373,0.9967304899400643,0.3787151087736519,0.3170642631740889,0.117261701628149,-0.7474945542926016,-0.27829159590453595,-0.9051520633571948,-0.3296841753202612,0.035258232160900585,0.015401706723634693,0.9328977297450435,0.3322718922864228,0.6986239512471342,0.24207557401328594,-0.3836405343543619,-0.135154692252144,-1.0,-0.3388559887087481,-0.4025401568942554,-0.13084039126120459,0.6839294482195861,0.22680204888379046,0.9396162668630853,0.30118882103967376,0.05427313726421823,0.013210019482142132,-0.8974737995400867,-0.28042736359098913,-0.44324912690852625,-0.13835606514480603,0.6529490568409251,0.20830211858451364,0.7513406019480062,0.21729669928451972,-0.31865355600332496,-0.09583511752596655,-0.9973861709837871,-0.2810851810515752,-0.452035509977951,-0.12032147998988048,0.9614784986044617,0.2581627264524744,0.6249631858758761,0.1591945802417064,-0.4788628572778777,-0.1271684719180249,-0.9952771163678663,-0.24805425510222387,-0.28989179697589174,-0.06515704741579,0.7707807855697342,0.18748873483795161,0.8854966836239487,0.20293253672353156,-0.086297561422676,-0.025870209483447634,-0.9526274201643962,-0.2120352653244403,-0.6502476872747729,-0.13441571718017567,0.44931827956510384,0.09936054377091277,0.8649645086939934,0.1527502482936383,-0.13172482739529728,-0.02839990673196606,-0.9658714145482997,-0.159601470118864,-0.6108934630934871,-0.09075832680783771,0.4960052913434095,0.07591076324511312,0.9923892893866114,0.13391018477135475,0.26696043862806834,0.030347463727912555,-0.7876535984961727,-0.09070034622183855,-0.871970419433955,-0.08740070155034016,0.1178792350892898,0.011421650527345187,0.95188035464777,0.06409937429611885,-0.4110469737945188,-0.0004089346889262127,-0.9998939815311837,0.020166433005619426,-0.3427609094734734,0.01786072505496183,0.7424234527951026,-0.03977152987892633,0.9000579923913242,-0.07842671020777149,-0.06912392531955182,-0.009521635085645576,-0.3743539249124531,-0.02331380982842289,0.7222975778093998,0.034539209313872415,0.9099973297659757,0.02972443501439408,-0.048658731495321565,-0.0009979044724279717,-0.9463394202772147,0.00011321535788012174,-0.6499405558525159,0.01344985599450312,0.4680245376349866,-0.013482251321215047,0.9942822463262216,-0.056069925731571935,0.26123914404016946,-0.029568780970641976,-0.8031351187202435,0.06814938854072371,-0.4114481095808598,0.13051419289672478,0.7056609745223968,-0.10613194936548435,0.912767342068922,-0.2541136706491612,-0.0598519159637202,-0.08675970545276228,-0.953708659370598,0.3194423246731549,-0.050523748641267324,0.1757437728980722,0.9186939573840803,-0.22626920724365057,0.6894491397354879,-0.39443115570158505,-0.4419460448998165,-0.07065968611988215,-0.9948666254140404,0.39118688511298505,-0.24075424555391892,0.4077338255919624,0.9931662314926978,-0.38787288586637586,0.21829281216270116,-0.6506898554016499,-0.8483277579620441,-0.11769565133178125,-0.780565892188636,0.6137444341118828,0.3324479083598899,0.6424674147237495,0.9999999999999999,-0.1300774072437412,-0.12099878029685614,-0.617249807052008,-0.9773023716866632,0.07033630712095239,-0.5209512853319609,0.730984390937227,0.6360297174798786,0.5302262384239602,0.9375461426097259,-0.353160958979294,-0.021658327599493248,-0.8691074379310865,-0.8312003362958061,0.07023527095618454,0.11542318127417253,0.9432091023809386,0.754584091146025,0.16491220115819435,-0.06450519461262723,-0.8404979371864078,-0.7209010139856327,-0.8302620883750533,-0.39084078444187603,0.18622066841490262,0.39977968000527586,0.9767708134347164,0.595738396280983,0.579512151850564,-0.35334024118436214,-0.9753805332119796,-0.7049338530658622,-0.5843850727859312,-0.11959884517048724,0.5204843160545808,0.2789054456173005,0.9059712207942334
59,0.7970105737374801,0.9129492548829276,0.022302136836992045,0.004284374338620807,-0.8476448546295664,-0.9096364551957989,-0.7481881792003542,-0.7529339995731493,0.37455525782378424,0.39698141872675985,0.9999999999999999,0.9791587336144258,0.4319049999985423,0.3962597271816574,-0.6499616356801945,-0.6059349774871758,-0.9580997511756831,-0.8525889142970796,-0.12520561896669405,-0.10193260878871835,0.8570244312877104,0.729083395699757,0.8178862691452536,0.6758689902506504,-0.3327089915219102,-0.2651938050076346,-0.8753629667155577,-0.678884650770429,0.09131207379602167,0.06776143202667609,0.9488471882704564,0.7118524712592218,0.6716303048723637,0.4992914617755985,-0.40791639938914853,-0.2960627409301677,-1.0,-0.7226886819984498,-0.3989638021513457,-0.2869319728993102,0.6779362835798275,0.47838526158437733,0.9466152798862713,0.6631926265665895,0.08749517466533001,0.06102815809765112,-0.8755933122513726,-0.6017972402225178,-0.7966417913721872,-0.5417834887432311,0.22996836443612978,0.15675403380726777,0.9831157478078149,0.6575737267844237,0.567404909099742,0.37336621899941624,-0.5224871950195701,-0.34565103344833886,-0.9913945996198533,-0.6434979827468409,-0.28276282348363463,-0.17779287741684577,0.7618342407457921,0.4878396569727118,0.9016945007544142,0.5659060339057732,-0.029942585891113687,-0.02330298935098368,-0.9825211588468865,-0.6010001559531077,-0.2274276990382406,-0.1335867485344847,0.7979836300085509,0.4797885237795581,0.8747348673001005,0.5154404149144403,-0.0887213741982122,-0.05467614448218592,-0.9467768356882063,-0.5467894608611267,-0.6782898836823614,-0.38517265483085483,0.6006447753588043,0.34608192047638087,0.9737742334197952,0.5514086214756784,0.18204624066868022,0.10129856324227861,-0.8277669224765013,-0.4575231203860356,-0.8466450140132411,-0.46282130880212735,0.14759552478785792,0.07801058674286267,0.9652309556709311,0.5138923570165872,0.6270467064614306,0.3326893668587012,-0.6761730862441601,-0.3414728982663179,-0.9451097854661704,-0.4785677636155508,-0.07597570414734417,-0.04373499263587731,0.8845667603226177,0.4336962633308101,0.7800605388013,0.38512173437287617,-0.2639952556466878,-0.12101024125419502,-0.9055343225949066,-0.43430818866308646,0.02922976210564998,0.006603930068526165,0.9290507095364774,0.4314786284451917,0.7101671872145632,0.33384317249262524,-0.363123528540155,-0.16010903528431186,-0.9997794805343858,-0.4544571444841232,-0.43300186952401093,-0.20111968152507279,0.6543389836249748,0.2877480125088682,0.9546637222123078,0.42479723649717654,0.10666487719280497,0.05231427074393903,-0.8696434323530743,-0.3762894349783902,-0.800082120955509,-0.34822701407623363,0.23107371625684656,0.09492133557321261,0.9848373098860644,0.4171654164725654,0.25728915737173746,0.11431665951519723,-0.7858162271746784,-0.3316299238348439,-0.8794516287591027,-0.37191418193464737,0.08866851102899174,0.034359483065695515,0.9501005781309012,0.3922299833217009,0.6640008159869342,0.2732090599771097,-0.423403277984932,-0.1707226097919782,-0.5732625695113269,-0.222633672455101,0.5280665714395001,0.2040938353395801,0.9886050091241392,0.37552503923938685,0.25013195503379904,0.09210658006979712,-0.7920543913012422,-0.29468063178811305,-0.8732596043304056,-0.3178798595375831,0.10488545100295893,0.04047233169732247,0.955785627244361,0.340204503615076,0.6469688118532241,0.22386334372355188,-0.447128473925551,-0.15691806795535337,-0.998277410206615,-0.3380299297368328,-0.33766977714135504,-0.10912853042349738,0.7331730923420635,0.24275076569927237,0.9134546561536809,0.29251702077347386,-0.015525856140784711,-0.008867250826928854,-0.9261305448139294,-0.289065500649857,-0.37963865212644027,-0.1178888782785247,0.7042140153849464,0.22422997256994068,0.7034494094950936,0.20303733794846024,-0.38400126576427696,-0.11449687357684997,-0.9999999999999999,-0.2814951205810742,-0.3887025667746888,-0.10271883205829414,0.9783111337526084,0.2623137539661018,0.5689788962378084,0.14434623098943322,-0.5389585253375868,-0.14233256499572447,-0.9857053426696945,-0.2452723105789373,-0.22240980879669,-0.048583358069327294,0.813348055211231,0.19729760051830827,0.8509253999374005,0.19452153862545546,-0.1555953489007112,-0.041513599468430015,-0.9716348155932645,-0.21579216066699045,-0.5956385366095265,-0.12242477333872984,0.5105480172256109,0.11187943263393858,0.8277806409950897,0.145692707421277,-0.2005788972130577,-0.04018905551336896,-0.9816246852804721,-0.16181677048109602,-0.5541766504960511,-0.08177380947198981,0.5553688082961108,0.08438624061821298,0.9813165074252974,0.1321546453656599,0.199061204469734,0.021830763138120983,-0.8287770872171321,-0.0952265601764845,-0.8356575359482573,-0.08362714797568546,0.1868685438146015,0.017500628526479236,0.9280519355701102,0.06247782870197882,-0.4736720241437686,-0.00030359736113420133,-0.9949165800933389,0.02023198377212852,-0.2763513638420652,0.01531438231616691,0.7874044186354516,-0.04288354725236307,0.8673798256136305,-0.0764700684162369,-0.1385861539087088,-0.0022140497209666293,-0.30875782029044024,-0.019209875844153002,0.7687813607050298,0.03677571125283229,0.8788522029609157,0.02871750900269173,-0.11822066445163698,-0.002142326340729934,-0.9666184162139578,0.0001852202960035668,-0.595312862723074,0.012556044462903888,0.5285722740227836,-0.015836186619182815,0.9841444093348231,-0.05596968071083494,0.19325434052624998,-0.024603530646555603,-0.8427452764495762,0.0727911077578404,-0.3468331501914657,0.1192475343545651,0.7533870274400466,-0.12005005127542234,0.8820494610072195,-0.25199407021862874,-0.12935931685044144,-0.0678701536883547,-0.930320557838276,0.3214984446669251,0.019275244763734715,0.15423896372914592,0.9440219347276689,-0.24680153105088262,0.6372067007640729,-0.38673066082204205,-0.5034445628479511,-0.04056766344092214,-0.9850174174332903,0.40764219635988325,-0.17246306390550842,0.387398157907793,0.9824771867938651,-0.42234611153556434,0.14966569074553876,-0.6378778561167769,-0.8831953537421339,-0.069151558056047,-0.7350330806623828,0.6403323109919342,0.3974493632958881,0.6117170434661455,0.9973946454681593,-0.18481194600166467,-0.18995761839465047,-0.5920109446111322,-0.9897022845519001,0.121283289368656,-0.4601151862091596,0.745726209129204,0.6883391687949658,0.4870386371103837,0.9109928263287644,-0.4050464035813027,-0.09135180380951716,-0.8654304462855347,-0.8002578072674894,0.139689949274818,0.17646898901721003,0.9640956626141072,0.7294671665705406,0.09570631509834145,-0.11888720946055897,-0.8762586778294543,-0.7321252166318234,-0.7892887946723421,-0.3490311502954108,0.2543091194046075,0.4358217799616943,0.989346467089335,0.58106365791451,0.5212257994875849,-0.3988287648578766,-0.9884158334677208,-0.695499083215779,-0.5263161276709695,-0.07300521799945978,0.5788023370775779,0.3195686772609304,0.9333235325403276
60,0.7715013337721862,0.8822594319909896,-0.04078182824361027,-0.06551461906638036,-0.8740499939784234,-0.9364055857968664,-0.7024678792739063,-0.7051713888566985,0.43734147032772136,0.4600608684956418,0.9995911432492373,0.9775885363722068,0.36793620331917254,0.3352715776109127,-0.7014215084007867,-0.6526541339912041,-0.9357691729001927,-0.8320455510638665,-0.055677882609042946,-0.041462035388271555,0.8909000006436707,0.7575057736526067,0.7757436655935523,0.6407844408215267,-0.39770389295671904,-0.3169411352200648,-0.8394868970892718,-0.6511567613571062,0.16056088126942572,0.12056868783367583,0.9686394507996351,0.7268682230719032,0.6183120882908394,0.45991032083457334,-0.47065558564525894,-0.3420188717983232,-0.9972125041529988,-0.7208329974010586,-0.3340013402223195,-0.24055250020933241,0.7275709514943851,0.5135643802692279,0.9217780111298345,0.6458623554037312,0.017782817358979255,0.0126782293600073,-0.907173920698374,-0.6234778162795082,-0.7525112230755947,-0.5116845487048585,0.2973004801226864,0.20214721700300392,0.9935936750679677,0.6644187994555858,0.5085783874291886,0.33430094576386793,-0.5807196733450818,-0.38371702308702355,-0.9798305332692347,-0.6357192680971772,-0.2151366211430087,-0.13422709411495712,0.8051670526106179,0.5151773403847729,0.8692687484628783,0.5451975430484346,-0.09959570202747153,-0.06667538050856771,-0.9670599076168449,-0.591224582205522,-0.1589372016615435,-0.09206082034500279,0.8381009389178692,0.503570952573015,0.8387779255423494,0.4939802627030253,-0.157995486720014,-0.09510369143362997,-0.9669709335426355,-0.5582847643938673,-0.6253737262607981,-0.3549588941017978,0.6549688924164567,0.37715274366091045,0.9554637372102218,0.540946647650849,0.11300936475159994,0.06265617352415409,-0.8649521407292501,-0.4780881601270698,-0.8074606988273378,-0.4414743449200267,0.21625315195970632,0.11507203795908227,0.9811415907895299,0.522534236229676,0.5711708927819052,0.30338544761639974,-0.7259227938997932,-0.3670938703663565,-0.9199876494843271,-0.4662426786725375,-0.006206950380677202,-0.008940589726467133,0.9149482577075312,0.4490851225954139,0.7344869469857803,0.3632113490564718,-0.33065267960033556,-0.15337687761309093,-0.8737008231012566,-0.41958827995171644,0.09888635104783784,0.03949430546629031,0.9526852762891426,0.4429957202292041,0.6593177540718163,0.31063939297679344,-0.4272396864074464,-0.18972291217005816,-1.0,-0.45503218014946417,-0.36906771917507797,-0.17247802300358986,0.7055132564504346,0.31091725790163655,0.9315056320784436,0.4149225803962777,0.037046369978450726,0.0217558479601928,-0.9020191160874677,-0.39070354613627356,-0.7562734835623498,-0.3295595777758735,0.2983839148152477,0.12380766699493592,0.994746064007632,0.421617019434132,0.1892452767016616,0.0852160526291578,-0.8270969369630119,-0.3493782161154622,-0.8441020025686249,-0.3572167976806379,0.15794313989975836,0.06329657946451366,0.9696495698633297,0.4004579405256485,0.610221983804975,0.25125269732929645,-0.48557783657081705,-0.19597818093396177,-0.5146973896205377,-0.1998081051556151,0.5860607553310566,0.22636515576995234,0.9756631440779897,0.3705054494615925,0.18198102915176154,0.06650272451186624,-0.8327554189324909,-0.30963401325481155,-0.8371127122910672,-0.3045268650324096,0.17400167847077955,0.06534577953924547,0.9740170332429794,0.34647967279935366,0.5921617054410427,0.20456047372586134,-0.5084380485169702,-0.17791695460483278,-0.9916913132171977,-0.33555702292588946,-0.2711543041766703,-0.08688500635512868,0.7788447908569512,0.2575168251854889,0.8828427861796367,0.2824201069857736,-0.08524920913532157,-0.03090132078130342,-0.9502752751677552,-0.29629533964632104,-0.314178615992339,-0.09684734864741928,0.7520481140333578,0.239065400668525,0.6521310822296089,0.1877887991111579,-0.44747815995809603,-0.132600812368852,-0.9977419295358613,-0.28053364417889265,-0.32347590373834656,-0.08461574830218091,0.9903775353966034,0.26518681523809273,0.5102225986108295,0.12879464140941216,-0.596428441637771,-0.1568032281239839,-0.9713313116247904,-0.2412954240131966,-0.15384426238558743,-0.03177297548593312,0.8519527748851982,0.20614525212122492,0.81220849323708,0.1851628511444331,-0.22413509147929192,-0.05695473936973463,-0.985908503868952,-0.21849773829412308,-0.5381274948672948,-0.10983738830767295,0.5692904162663014,0.12385325614725293,0.7865639092214775,0.13792536632333893,-0.26845576680571637,-0.051782407256100484,-0.9925955792185259,-0.163243715803309,-0.49475994496304115,-0.07239089835626908,0.61202662424027,0.09245059670949594,0.965462850081398,0.1297552618118821,0.13019216413278717,0.013207705264741344,-0.8658628572775501,-0.09928883990209088,-0.7952734129474223,-0.07944617134226484,0.25494744777840794,0.023494345222589235,0.8997021407498079,0.06055189740665218,-0.5339893920047352,-0.00019678093751624424,-0.9850920450859445,0.020198966347411695,-0.20859546214476127,0.012693429446123986,0.828549229297823,-0.04578664029422531,0.8304758715142627,-0.07414087213812282,-0.20737320468665404,0.005104322271397365,-0.2416574786042007,-0.015012353275740424,0.8115197180889365,0.03883304562324995,0.8434253965649456,0.0275706741738022,-0.18720663821424366,-0.0032763110104457216,-0.9821881443910494,0.0002563228594631598,-0.5377848651670868,0.011601061144810566,0.5865448594234403,-0.018112969607789773,0.9692119197069957,-0.0555967570317274,0.12432802129114587,-0.019518414394297467,-0.8782496639045058,0.07707819601489746,-0.280528454557886,0.10739991381175036,0.7974426544902073,-0.1333832814029351,0.8470343236347918,-0.24864678000834653,-0.19823649214861858,-0.04864994535746195,-0.9024000280636616,0.32198825655518865,0.08898033111378778,0.13198271783297794,0.9647507320980172,-0.26613146260723747,0.5818598547983289,-0.37714605303700416,-0.5624903494919596,-0.010277999183525984,-0.9703693036084102,0.42211151580216605,-0.10333165954567773,0.3651751253394237,0.9670016119992344,-0.45476170940343336,0.08030941312740669,-0.6219581800361609,-0.9137601105372789,-0.020270565340554006,-0.6859192618524094,0.6638005532188119,0.4605144848853783,0.577986448262357,0.989930084481357,-0.23864609953589852,-0.25799100207009734,-0.5638878643568438,-0.9972804673713255,0.1716393916219079,-0.3970374521497649,0.7568349241904399,0.7372951008712952,0.4414782325137582,0.8800012445706082,-0.4549585028201843,-0.1606002232140323,-0.8575371644984441,-0.7654165026437998,0.20846407220216742,0.2366550575843557,0.9802852456895768,0.7007963512853083,0.026034157491695468,-0.17269001777449872,-0.9077503742753302,-0.7397825788155532,-0.7444701653010206,-0.3055210714691954,0.32115860192763557,0.4697406000147911,0.9971021242050535,0.5635580358149924,0.46040008742293714,-0.44237423487912964,-0.9966356711380189,-0.682675911743592,-0.46568302328710687,-0.026055916744798402,0.6343004912953398,0.3586750024318756,0.9561287858532381
61,0.7422334168597972,0.8472713298307998,-0.10366710835638476,-0.13499443183279658,-0.8961968496158164,-0.9586126425110922,-0.6533252264514603,-0.6539732540173181,0.4979969991496335,0.5208989479583706,0.9943123789271147,0.9712556260476385,0.30217485844204883,0.27265001861542715,-0.749464126039095,-0.6961936251589923,-0.9088796212775203,-0.807448545542796,0.01412111079595909,0.019210536880838427,0.9204351947494501,0.7822376596204351,0.7298217168805595,0.6025780540081472,-0.46076122100209826,-0.3671443600805144,-0.7995209316852939,-0.6202565016565018,0.22902745226880933,0.172788545113072,0.9837125992918152,0.7383427459663168,0.5619815173676751,0.41828854304046487,-0.5311017851982397,-0.3863087211026938,-0.9895666892252144,-0.7154654868982088,-0.2674116573374266,-0.19300107991858753,0.773660966868439,0.5462414649167184,0.8924499325599743,0.6253855077672024,-0.05201617604602279,-0.03573346643666732,-0.9343348689925367,-0.6421208710873559,-0.7047144957423416,-0.4790927329795468,0.36318417775462586,0.2465555592772693,0.9992309138188764,0.6680268905229446,0.4472741229771994,0.2936069919243706,-0.6361229437957938,-0.41991358196032846,-0.963492831052749,-0.6248433930756211,-0.1464622948096307,-0.0900073699030001,0.8445771715302345,0.5400051315799249,0.8326080062074198,0.5218329045644289,-0.1687635979148774,-0.1097229359144998,-0.9468872377254162,-0.5785686217231181,-0.08967237821466303,-0.05008638109272134,0.8741351042983921,0.5249000343043115,0.7987345420450185,0.47011348830644367,-0.2264998611121684,-0.13506790276020006,-0.982454046208424,-0.5670601606730693,-0.5694108109072394,-0.32301580932102,0.7061020668674999,0.4063861165895856,0.9324983177158389,0.5278492361344316,0.04342191856911061,0.02370852922679593,-0.8979233990970521,-0.4963240024092191,-0.7643425162824135,-0.41797656240632175,0.2838572155128988,0.15157286977336606,0.99227220270181,0.5286303811688117,0.5125123919266432,0.2726034649695088,-0.7721358786730506,-0.3909263980301171,-0.8903834261510308,-0.4516461062655809,0.06359204302432483,0.025897370837386344,0.9408722191511713,0.46228608428461154,0.6853350085949147,0.33953143455734136,-0.39569919693606326,-0.18499627724164644,-0.837610741021556,-0.40282417931728826,0.16806117562774273,0.07219226857777722,0.9716784561393161,0.4523545813940341,0.60525619110562,0.28592220956374126,-0.48927437546854374,-0.21841247809859243,-0.9953486199852625,-0.4533903447727917,-0.3033355079968806,-0.1429960688914637,0.7532503396084139,0.33257174566720255,0.9038093401397113,0.4030264631915599,-0.03275262342655043,-0.008908567127925303,-0.9300002533589277,-0.40321418889076416,-0.7087803577776195,-0.30928656033980034,0.3642404169341161,0.1520908199081631,0.9998085152968789,0.4240145466578102,0.12027941206636213,0.05570028170059603,-0.864348113613956,-0.3654243728465415,-0.8046399962704683,-0.34077908909563454,0.22644828566932318,0.09192530129073061,0.9844745263602184,0.4067349068972467,0.5534702114572159,0.2280722567959271,-0.5453867087470426,-0.22027896607809297,-0.4536246557847178,-0.17600909285245156,0.641199710133262,0.24753364791555957,0.9579679462672079,0.3636807943770987,0.11294350998836485,0.04057487436494341,-0.8693993458709836,-0.32307888893323516,-0.7968874912637225,-0.28969024625173184,0.24227018725167984,0.08990086931178866,0.987503126163488,0.3510668278457679,0.5344696467238376,0.1842610056625248,-0.5672705640440286,-0.19804904773562718,-0.9802737958342486,-0.33144931602932526,-0.20331779469837125,-0.06421818726944782,0.8207220358399893,0.27102828858490263,0.8479297948943713,0.2709472708256083,-0.1545572365521717,-0.052784842607021376,-0.9697903599023001,-0.30208165753153166,-0.24718793322224628,-0.07533398846876481,0.7962183098658118,0.25273612616582264,0.5976356378834881,0.17162537212104992,-0.5087749855369466,-0.15005873333198005,-0.9906229606836919,-0.27820543606141485,-0.2566732986146744,-0.06610042512588453,0.9976189172405484,0.26676791300272923,0.44898054777081425,0.11261557728283629,-0.6509926185230736,-0.17050996168662863,-0.9522250520675319,-0.23614297039659465,-0.08452920219251266,-0.014807798159779593,0.8864068662779181,0.21398858477745525,0.7695345884006208,0.17490206886513973,-0.29158287042216785,-0.07211840150590067,-0.9953789450169666,-0.22013881690360257,-0.4779947500624549,-0.0967148865615964,0.6252592896238157,0.1352236790463038,0.7415151171472653,0.1294860667048827,-0.3350247468875785,-0.06312348031583022,-0.9987306472699858,-0.1638753541513292,-0.43293281871126627,-0.06265530606046413,0.6657027079918326,0.10006454278671174,0.9449055547798882,0.1267237236655101,0.060688840659056005,0.004520300778945774,-0.8987302305335428,-0.10286739438017364,-0.7510147978193101,-0.07487814094796581,0.32178427340386667,0.029373599830418172,0.8669690875375154,0.05833096335381578,-0.5917052172242808,-8.900581695105866e-05,-0.9704682406559976,0.020067541589043284,-0.13982330432382975,0.010010635463758577,0.865657431400533,-0.048466665427031076,0.7895259224480198,-0.07145046898356612,-0.27514995405644926,0.012397826518739979,-0.17337980597352548,-0.010741692031204859,0.8503044329799911,0.040701189298875236,0.8038895064177356,0.026289517791732393,-0.25528056005341515,-0.004394333822252249,-0.9929727506578752,0.00032617664371693193,-0.47763683380595096,0.010589558622954314,0.6416598572282697,-0.020301508029176976,0.9495575270311974,-0.05495297154092777,0.05479598843371941,-0.01433820638909434,-0.9094753072782401,0.0809897670488431,-0.21285705249232098,0.0950290516846462,0.8376132210863475,-0.1460666815910933,0.8078925201812068,-0.24408810767975048,-0.26614787918371025,-0.029192719383063056,-0.8700830960612548,0.32090937402366176,0.15825191423492696,0.10908346540238381,0.9807793608779888,-0.284164828429211,0.5236782461083541,-0.36572402759215844,-0.6187957396945755,0.020061738452751447,-0.9509936480775313,0.4345243503699619,-0.03369683372740171,0.3411729962676757,0.9468149025536056,-0.4849617539355761,0.010561876121190137,-0.6030083862214259,-0.9398731199247319,0.028709183531689313,-0.6334637133470529,0.6840348258754064,0.5213360261952618,0.5414399611816285,0.9776426836303855,-0.2913175932618156,-0.3247674795166236,-0.5330175791092188,-0.9999999999999999,0.2211592840123104,-0.3320253915335609,0.7642564155778004,0.7826590053288254,0.3937669903455612,0.8447223852063196,-0.5026540899655947,-0.22906621447452843,-0.8454660478452514,-0.7268461657586266,0.2762225791244849,0.2956881664994343,0.9916989775859751,0.6687113266204162,-0.04376483591330658,-0.22565149768058101,-0.9348196021444852,-0.7438357946379784,-0.6960245521182304,-0.2605225246936523,0.3864434320248229,0.5013708910827762,1.0,0.5433068156136397,0.397331352411619,-0.48376450209535415,-1.0000000000000002,-0.666526811851733,-0.40278115802408343,0.02102032631711265,0.686708397279174,0.3960338990448584,0.9742758758312011
62,0.7093494133495084,0.8081554069190894,-0.16604733273782982,-0.203816565296918,-0.9139775242872729,-0.9761494347904098,-0.6009996387977637,-0.5995890272215255,0.5562263366501721,0.5791992601072252,0.98418942464279,0.9601908559432403,0.23494134802910602,0.2087001361359329,-0.7938554297912113,-0.7363413309661445,-0.8775620995002438,-0.7789177318722849,0.08385130756861231,0.07978951734530138,0.9454861211082329,0.803158562340848,0.6803441501243468,0.5614359674865741,-0.521573766694313,-0.41555889452387607,-0.7556597806697081,-0.5863344146277926,0.2963782245424983,0.22416659396932118,0.9939931988826906,0.7462201372203355,0.50291302898208,0.3746289055108816,-0.5889605102399008,-0.4287165131494703,-0.977099804858421,-0.7066123004615302,-0.19951917173811157,-0.14450937776687878,0.8159817837800386,0.5762573160551341,0.8587739276274355,0.6018618448003631,-0.12156175186997632,-0.08397107237677921,-0.9569438317239808,-0.6576355775570306,-0.6534844702234853,-0.444166825617392,0.4272984785796907,0.2897627076504139,1.0,0.6683804217295036,0.3837907839579044,0.25148261433349045,-0.6884270872071875,-0.4540643640718884,-0.9424610886133347,-0.6109233438520386,-0.07707441889827854,-0.04534913883238489,0.8798725953667561,0.5622020720551454,0.7918908814391831,0.4959259486238459,-0.23710929451729867,-0.15223593220596743,-0.9221014283925615,-0.5630939330731938,-0.019970679954954936,-0.007867926026420474,0.9059105713185265,0.5436718558312444,0.7547998041473584,0.4439563682504751,-0.2939007509486691,-0.17437407684149953,-0.9931507415170199,-0.57307289685016,-0.5106737833199153,-0.2894990239866659,0.753795183025896,0.43363961720802596,0.9049898601519474,0.5121801961987867,-0.02637707483589144,-0.015354620641782156,-0.9265200649233977,-0.512141804041945,-0.7175005338296022,-0.39244244009543044,0.35007835524533987,0.1873352538021665,0.9985685641853799,0.5321510920286329,0.4513569822154801,0.24049338564329173,-0.81458719506024,-0.41285437157845917,-0.8564413442665554,-0.43484915942820707,0.1330812223879622,0.0606091620137138,0.9622123457192516,0.4732348346400093,0.632844186931809,0.31419735703862756,-0.4588179075598627,-0.21571439360324138,-0.7974399036079355,-0.38409755977297005,0.2364172230534396,0.10453851821349464,0.985937716223956,0.45950961650883587,0.5482458808164955,0.2598120418864933,-0.5489253689540481,-0.24603796038857662,-0.9858480015460505,-0.44953963721102425,-0.23612547671490108,-0.11281745230561219,0.797317662828279,0.35260597731787197,0.8717097799464162,0.3891668415702516,-0.10239204934250139,-0.03952958057248297,-0.9534505228793216,-0.41376041264792757,-0.6578341253361493,-0.2875067298711302,0.42832237635500015,0.17963300163491344,1.0,0.4243463176319647,0.050727558225921336,0.02591314459856245,-0.8973882731393406,-0.37969021876544196,-0.7612578647926127,-0.32268113904355233,0.2938501981536091,0.12010617228935881,0.9945032219237133,0.4110303016872913,0.49402198787386986,0.2037806711531916,-0.602538511700333,-0.24350657424185598,-0.3903419082241058,-0.15135258194128307,0.6932148044008678,0.2674961810105175,0.9356056249168141,0.3550843230194654,0.0433557413973468,0.01444934750868734,-0.9018076465881084,-0.3349497567405521,-0.7527799144817904,-0.27344228571087686,0.30935838003320226,0.114017971085848,0.9961782031167951,0.3539436205960316,0.4741737056124964,0.16306383650145245,-0.6233393944049024,-0.21721626581367431,-0.9640804830547725,-0.32572682138223485,-0.13449074136173497,-0.04123850363057982,0.8586008055631051,0.28321932940599903,0.8088857748819861,0.25815440679750534,-0.2231122766485805,-0.07441120198547231,-0.9845807234863874,-0.3063962639463907,-0.17899297568873887,-0.05345360867083655,0.8365094101281833,0.26517554666138665,0.5402285727837232,0.15462580356969025,-0.5675931105281441,-0.16678558323016585,-0.9786777763441433,-0.27452183902455846,-0.1886202069808613,-0.047263067322766306,1.0,0.26704934431063315,0.38555110883342636,0.09588786138381669,-0.7023852248084808,-0.18338598785553756,-0.9284796477739278,-0.22984005196522886,-0.014802324223201622,0.0022295212705337117,0.9165424725194394,0.22078938655870733,0.7231115884028191,0.16378918128742967,-0.3576100869301546,-0.0869307100392463,-1.0,-0.22070740132540423,-0.41553326288317477,-0.08312119960993815,0.6781819625731269,0.14593530577367778,0.6928537379591505,0.12041592398533442,-0.39996152007917257,-0.07415702212461071,-1.0,-0.16370860824661715,-0.36899648728498485,-0.05261446341162195,0.716135555066261,0.1071909844699235,0.9197447745970649,0.12307480027566388,-0.009110152745946934,-0.004189126157865993,-0.9272190804464222,-0.10594478925303043,-0.7030973140879673,-0.06994531177769282,0.38705339839494385,0.035109749212497245,0.8300122480781673,0.055825846710927454,-0.6465383141035117,1.9202931007481778e-05,-0.9511164125087004,0.01983834978523527,-0.07036994141922191,0.007279070671679295,0.8985482375130409,-0.05091056583772858,0.7447294824504783,-0.06841196632629754,-0.34158620050805644,0.019630929801508268,-0.10425744435622436,-0.00641869834284437,0.8849465501458701,0.042371040871505686,0.7604371474019479,0.024880281521594313,-0.3221107806647186,-0.0054909478813936555,-0.9989196934967673,0.00039444132814967685,-0.41516180380239937,0.009526464835945742,0.6936487527081062,-0.02239113954414643,0.9252769855328914,-0.054041460696634125,-0.01500300497128263,-0.009088144083635138,-0.9362700783750536,0.0845067640787898,-0.14414863226332952,0.08219521757002134,0.8737030202659416,-0.15803845958911147,0.7648147455783721,-0.2383402626261896,-0.3327626205045118,-0.009593269414271265,-0.8335272066752836,0.31826705327958893,0.22675250993734034,0.08565276929338088,0.9920297311993593,-0.3008137717712264,0.46294532964329427,-0.35252023144733474,-0.6720864192545296,0.050303737315885964,-0.926984847086766,0.4448202259809904,0.036102159677600325,0.3155087066527013,0.9220154060762366,-0.5127991135507298,-0.05923711728381101,-0.5811207961632118,-0.9614071619476272,0.07754906414760328,-0.5779219933058193,0.7009365496192761,0.579617670790036,0.5022556330353778,0.9605923058970656,-0.3425698169565044,-0.38996172244845945,-0.49955048579491246,-0.9978476331483228,0.2696017106018571,-0.2653957365848811,0.7679545265312524,0.8242098737850004,0.34413735498172127,0.8053281232925029,-0.5479007969113052,-0.2964162181637583,-0.8292759055929066,-0.6847347074161994,0.3426353574071026,0.35328071238979825,0.9982812517488076,0.6333684075908573,-0.11335061143696491,-0.2775136261723741,-0.9573344828797308,-0.7442651172390402,-0.6441879772816651,-0.2142547383654343,0.4498455485663432,0.5305585535670317,0.9980259763145952,0.5204086592196274,0.33232685899095943,-0.5227979172852079,-0.9984924293816301,-0.6471304603315728,-0.33791698344658544,0.06799416046216254,0.7357707289791506,0.431463358310883,0.9876763916759835
63,0.6730095308009355,0.7651022321003678,-0.22761859120519415,-0.2716457249424806,-0.927305392333101,-0.9889305251456262,-0.5457460413161167,-0.5422836629555877,0.6117457953502267,0.6346777716817437,0.9692715984119806,0.9444481325067338,0.16656322698478712,0.14373348757164706,-0.8343791496874524,-0.7729016558256002,-0.8419691833864367,-0.7465921093086292,0.1531729891994952,0.13997977130167227,0.9659307341249086,0.8201665572787523,0.6275520150566833,0.5175586213667525,-0.5798452574236045,-0.46194886780494904,-0.7081171311613561,-0.5495557652691441,0.3622850718980512,0.2744525257129003,0.9994311635244562,0.7504620189756029,0.44139439887192516,0.32914411361121537,-0.6439498788777765,-0.46903564143861565,-0.9598725884600862,-0.6943165699254235,-0.13065464878968547,-0.09531364045272162,0.8543272194632637,0.603465699474912,0.8209140624431494,0.5754059714245982,-0.19051509105816303,-0.1317995796930129,-0.9748906602989232,-0.6699463495981446,-0.5990707340537282,-0.4070769821283214,0.4893310241690082,0.33155816123873116,0.995897186700772,0.6654776707067616,0.3184376548176796,0.20813303872452038,-0.7373772830501578,-0.48600299024408117,-0.9168377704860542,-0.5940269375070093,-0.007311044165547443,-0.0004699713158577725,0.9108813683631348,0.581660020547668,0.7473157438971675,0.467602891311869,-0.30429981847097626,-0.19400725033843105,-0.8928232335898892,-0.5448759073833407,0.049828313450046215,0.03438886078459887,0.9332725330970092,0.5597949627262713,0.7071877574761046,0.4156363373947289,-0.35986978586934965,-0.21283071794844913,-0.9990089062441085,-0.5762936794788831,-0.4494488043930043,-0.2545718285077879,0.7978158848238168,0.45878046920073073,0.8730723829586584,0.49401586583143475,-0.0960475617837073,-0.054342964342034554,-0.950602818126907,-0.5254645022856922,-0.6671629608988734,-0.36499637766457027,0.4145939484207789,0.22218495930531668,0.9999999999999999,0.5330792162597313,0.38800260665720826,0.2072116467165312,-0.8530699245151157,-0.43277096012844773,-0.8183267662419973,-0.4159336711969837,0.20192204341340306,0.0950256714451221,0.9788646704602344,0.4818780324504405,0.5772702120032467,0.2873325415794293,-0.5197013034582435,-0.2453815711227356,-0.7533840191423169,-0.36349965552679064,0.3036214695329963,0.1363754666966502,0.9953935868612653,0.46442596696175154,0.48856457170551776,0.23243609605739074,-0.6059020532197936,-0.2724647704671969,-0.9715444307404006,-0.44349881772433114,-0.16776506584561643,-0.08208920043249833,0.8375005345409371,0.3709223480908776,0.835363337329182,0.3734112382157267,-0.17153263148646672,-0.06995800987399027,-0.9722556772927593,-0.42229083726572153,-0.603682991161295,-0.264326195514601,0.49031759221309723,0.20630002943434536,0.9953195852227696,0.42261071600175903,-0.01907143517908159,-0.004000238739175897,-0.9260564472031442,-0.39210625210484457,-0.7141669615188605,-0.30301111891784455,0.35982050201020926,0.14770189808962347,0.9996867977571102,0.41332319816413704,0.4321669388245173,0.1784962865645586,-0.6567548075915801,-0.26554784285310845,-0.3251574541236557,-0.12595869646480432,0.7418526258231409,0.2861554996002142,0.9086851270085735,0.34475791653303245,-0.026443252007655252,-0.011746575116188393,-0.9298224311004438,-0.3451887830020609,-0.7050048696256753,-0.2558621418403609,0.3749394098838002,0.13757958876582405,1.0,0.35509603560503983,0.41156763787118383,0.14107223672006403,-0.6763713778940936,-0.23532522807918033,-0.9431902670708843,-0.3184174184033157,-0.0650084626521464,-0.018057910147303534,0.892296558467769,0.2940305541233368,0.7659009446832885,0.24410384044907485,-0.29058033616032325,-0.09567503746763734,-0.9945743087553576,-0.3092181385621478,-0.10992598236998698,-0.03131280826460193,0.8727251206300429,0.27632305854896944,0.4801895683809422,0.1368729136462704,-0.6236459789391096,-0.18269987053208284,-0.9619645722545924,-0.2695007991828132,-0.11964817665867435,-0.02819544860651849,0.9975091832791003,0.26602973805676194,0.320243303649264,0.07869298946274925,-0.7503558808821382,-0.19536857592550966,-0.9002107839668178,-0.2224173759041299,0.05499666918180042,0.01925597869732767,0.9422127759653727,0.2265145246423168,0.6731656614332426,0.15187832928251843,-0.42189506304145624,-0.10131950089152479,-0.9997491555026822,-0.22020072147337894,-0.351047339416387,-0.06912255452909438,0.7278006011713942,0.15593595036068797,0.640816845005113,0.11075912698829568,-0.46294972094893394,-0.08482927837583792,-0.9963974532496628,-0.1627442904584593,-0.30326244206404823,-0.04231728838582571,0.7630794617021011,0.11379520245159776,0.8901030903248264,0.1188262688303103,-0.0788647624025192,-0.012878144093125906,-0.9511906122031026,-0.10850603176217945,-0.6517544109174825,-0.06467171607931706,0.45043683813551233,0.040674847425632675,0.7890116723787228,0.053048752154458034,-0.6982215413062343,0.00012731812421642563,-0.9271308408055485,0.019512507535417545,-0.0005737432335814109,0.004512042978977217,0.9270614069341376,-0.053106435089176805,0.6963047952743839,-0.06504016744583409,-0.40635827332691477,0.02676839316757796,-0.03462715094994139,-0.0020644334013628445,0.9152772966739545,0.04383446499213228,0.7132800150428937,0.023349831020840216,-0.3873717099310877,-0.00656081059440509,-1.0,0.00046078433408078186,-0.35066414722263933,0.008416959069853281,0.7422582611900778,-0.024371683678006274,0.8964885875695872,-0.05286666528805512,-0.08472890524416136,-0.003793805253737385,-0.9585034357635631,0.08761205264873484,-0.07473793438772097,0.06896093661762968,0.9055362261551205,-0.16924029009798167,0.718010870413988,-0.2314312477709932,-0.39775617578739536,0.010052917998794285,-0.7929104565242522,0.3140741674440303,0.2941483902044217,0.06180478150216686,0.9984470323888064,-0.31599718065486654,0.39995699006731245,-0.33759899217010897,-0.7221027613377677,0.08030066142733225,-0.8984598691011841,0.4529489821642124,0.10572526698962947,0.28830729033373914,0.8927239432211287,-0.5381381674310518,-0.12874751340790141,-0.556402044000148,-0.9782573249178231,0.12601113351819357,-0.5195646954057167,0.7144233809512958,0.6350754763556858,0.4606243659315384,0.9388620190078165,-0.39215307493797746,-0.45325611106734004,-0.4636496327284534,-0.9908338529312407,0.31673066475762085,-0.19747310028504578,0.7679112402259631,0.8617452745853827,0.29283111701697506,0.7620103837133049,-0.5904781862492604,-0.36232211183375007,-0.8090456144870354,-0.6392872904085325,0.4073788506700188,0.40915211016105213,1.0,0.5949397813454852,-0.18238415417566683,-0.32802373617302744,-0.9751853262453118,-0.7410684550021813,-0.5892129833733324,-0.16694312448871088,0.5110560628135646,0.5571613881098681,0.9911896703938059,0.49497512414919265,0.2657033025186749,-0.5592843135735118,-0.9921203040154204,-0.6245813542580034,-0.271406511293032,0.11463673389218988,0.781248459646956,0.4647907714657621,0.996265047421404
64,0.6333908134689811,0.7183215561146595,-0.28808091477634906,-0.338151453921858,-0.9361155217198946,-0.9968936453892819,-0.4878336239793793,-0.48233634719389507,0.6642848900278073,0.687064196950215,0.9496315783845487,0.9241041527042492,0.09737362664147535,0.07806658390395342,-0.8708378582379153,-0.8056964815096767,-0.8022742780456172,-0.7106291650355985,0.2217484274238932,0.19948805788297883,0.9816694296999458,0.8331787831924486,0.5717025096529716,0.4711597816684427,-0.6352918003445682,-0.5060882726370142,-0.6571246061696714,-0.5100997354632604,0.4264269028000848,0.3234013523390776,1.0,0.7510477252105997,0.3777253396192761,0.28205576467548465,-0.6958019884353739,-0.5070696752299688,-0.9379689692968285,-0.6786381988530966,-0.061153589525715396,-0.045653544663173715,0.8885104588099355,0.6277340586670088,0.7790547864646331,0.5461467779956586,-0.25854025987322615,-0.17898597270543082,-0.9880879195725553,-0.6789932103667876,-0.5417383854860408,-0.3680039005015568,0.5489795981959567,0.37173829679360315,0.9869424624151729,0.6593327793659177,0.25153312943242584,0.16376945987234548,-0.782735050891013,-0.5155738587006544,-0.8867477109011761,-0.5742364916338247,0.06248794923945459,0.04441148585367884,0.9374524188943234,0.5982841798883431,0.6990997591708008,0.43700171971669965,-0.37000782429717405,-0.2348333846487864,-0.8591952937394444,-0.5240033010434504,0.11938454832064507,0.07647810852263291,0.9560876849064702,0.5731908048332885,0.6561303631366907,0.38529136808281333,-0.42408557136725744,-0.25025046919122185,-1.0,-0.5767068172300231,-0.38603415606952624,-0.2184043846698908,0.8379497078270483,0.48168618886394104,0.8369013848765239,0.47344473982405316,-0.16525011466517922,-0.09306655458254773,-0.9700543299547632,-0.5362271902938106,-0.6135750370856315,-0.3357720895710345,0.47708968155434983,0.2559522020206844,0.9965595363342682,0.5314102321341478,0.32275792140118814,0.17292039347580873,-0.8873965830480423,-0.4505791320626753,-0.776225382470227,-0.3949917959291951,0.2697791205404667,0.12897922535719777,0.9907480649218676,0.4881735689249834,0.5188838346288035,0.2590678708602228,-0.5780527668463682,-0.2738532742933892,-0.705657723465334,-0.34113081749774227,0.36934650273291153,0.1675480076144737,1.0,0.46707968078756457,0.4265030251115282,0.2039277449326913,-0.6599268435873122,-0.29756415957216326,-0.952507593127488,-0.43529731657803034,-0.09858732043921743,-0.050961018226455726,0.8736031878345701,0.38743162246896856,0.79494708850291,0.35583641284378165,-0.23983752389223156,-0.10004561078354682,-0.9863240997772256,-0.4287639033728837,-0.5465907741355048,-0.23985789050350087,0.5499240300484842,0.2319619842275796,0.9857900734755086,0.41881619744387333,-0.08877751446894423,-0.03389413331587881,-0.9502129673430433,-0.4026119831983755,-0.6635967085963991,-0.28186485907934034,0.42403779655004614,0.17457803508933767,1.0,0.4136024255666296,0.36820641589048214,0.15234228601016772,-0.7077714600770034,-0.2862953890667564,-0.25838886559142815,-0.09995115288047289,0.7868762158231689,0.3034206973601089,0.8773376065022573,0.3327518841321954,-0.0961134165469424,-0.03788526960785899,-0.9533072141938823,-0.35374608421103904,-0.6537951119115869,-0.23703546333397177,0.4386937726182204,0.16047093251878433,0.9989498974028534,0.354518458422709,0.34695645396879876,0.11839334718190768,-0.726108148018798,-0.25228770948829377,-0.9177049229149806,-0.3095567177691425,0.004790530752855641,0.005210659659035642,0.9216451322329142,0.30340929153683366,0.7191847220701889,0.22886402472720907,-0.3566327174833279,-0.1164727537844817,-0.9997224279663313,-0.3105335334893286,-0.04032344071484959,-0.009019455004054653,0.9046890020702145,0.2861243522711981,0.4178111286694958,0.11845319264598317,-0.6766605068293584,-0.19772406242969431,-0.9405647734653578,-0.26316677853757503,-0.05009323244679899,-0.008990464498856297,0.9901586020865373,0.263714061660294,0.2533753052804667,0.061114733207210954,-0.7946708785296474,-0.20639934793195322,-0.8675561837090929,-0.21391110474494252,0.12452772434279458,0.03618862293151246,0.9632927134777001,0.23113610673102938,0.6199401390275378,0.13922754132409876,-0.48412460881436337,-0.11521467332006041,-0.9946276336141887,-0.21862124584083442,-0.28485114859911775,-0.054787151310759764,0.7738734683990152,0.1651768906721679,0.5856579567968945,0.10056272265803877,-0.5236824773137737,-0.0950882549098273,-0.9879405582646148,-0.16098709884618673,-0.23605093270920954,-0.03181394778473269,0.8063057219050077,0.1198450216455817,0.8561249132693749,0.11399882774759021,-0.14823515086412634,-0.021504421004870846,-0.9705280389104762,-0.11053864379157136,-0.5972362257711309,-0.05908304628098091,0.5116257948784373,0.046041781870731796,0.744167111122624,0.05001320940993396,-0.7465031033446953,0.0002348130363221574,-0.8986283808408586,0.01909160231027767,0.06922525017142064,0.0017230330664305363,0.9510580263685386,-0.0550435751271108,0.644487781128026,-0.061351499407389334,-0.46915060948511367,0.0337754436128845,0.03517184245506065,0.0022998892521340015,0.9411489042159955,0.045084332005542196,0.6626478541492057,0.021705622490469353,-0.4507454031651405,-0.0075987096976909575,-0.996208407022881,0.0005248824450541246,-0.28445809016624735,0.00726644672524232,0.7872515620350705,-0.026233491418820004,0.8633325873223607,-0.05143430880033125,-0.15404201480760943,0.0015190166140044725,-0.9760670607614604,0.09029050410490791,-0.004963120808406342,0.05539068491396605,0.9329577505746548,-0.17961759892546925,0.6677089184631485,-0.22339472314004435,-0.4608119029641553,0.029650128605885992,-0.7484307263321159,0.3083511438353094,0.36011120908211974,0.03765568702806919,1.0,-0.32964108303828216,0.3350201002392604,-0.32103300453836286,-0.7686010913532837,0.10990636878809883,-0.8655576849462117,0.4588710164366028,0.17483329142835186,0.2597012698768186,0.8590832190509444,-0.5608554662531089,-0.19763066458832154,-0.528972557008054,-0.990341516535102,0.17385928931287806,-0.4586761305360582,0.724429613384908,0.6874392580380942,0.41674898321867976,0.9125576907360409,-0.4398258025574432,-0.514342281474247,-0.42548992525723855,-0.9789928297809478,0.3623165389523417,-0.12858839489054838,0.7641267675484609,0.8950823390303163,0.24009823528540444,0.7149802061416716,-0.6301788252184689,-0.4264628085953775,-0.7848737344723645,-0.5907253299829279,0.47013763512205103,0.46303015997942765,0.9968468487708411,0.5536126682885356,-0.2505291396484143,-0.37693574750387515,-0.9882851647267116,-0.7342613817444922,-0.5313674030374854,-0.11881818049054266,0.5697767632939343,0.5810497883755,0.9795243880328951,0.46713012002862836,0.19778526626492196,-0.5930459329051483,-0.9809146682556319,-0.5989893506091878,-0.20357377389814774,0.16072080867793864,0.822920026350182,0.49585377070266495,1.0
65,0.5906862797620286,0.6680412897129919,-0.3471397370885044,-0.40300974300859166,-0.9403649903828722,-1.0,-0.4275445302634788,-0.4200391372329539,0.7135876554948561,0.7361033145145967,0.925365048763859,0.8992580303604133,0.027709631777129044,0.012019347686703652,-0.9030539322793593,-0.8345660349241657,-0.758670773066487,-0.6712041069027073,0.2892435295999559,0.25802445869874896,0.9926255304905506,0.8421318458252697,0.5130677270895658,0.42246549887466,-0.6876432654735617,-0.5477620662766071,-0.6029306361506609,-0.46815855102124204,0.4884912246959588,0.37077460008484786,0.9956969369951922,0.7479744024234236,0.3122160404808203,0.2335932684064013,-0.7442642206470855,-0.5426333165340672,-0.9114956595994678,-0.6596535706924315,0.008645403879286645,0.004228970606894922,0.9183649645140445,0.6489441606248867,0.7334000338767742,0.5142268123628055,-0.3253058465305628,-0.22530036405043496,-0.9964713138242806,-0.6847320844666827,-0.4817667419596189,-0.3271379408631724,0.6059535988037309,0.4101073607334997,0.9731794536597965,0.6499756849999024,0.18340315992459738,0.11860801267371994,-0.8242794122441782,-0.5426329031429405,-0.8523375056043551,-0.55164842329545,0.13198250763702873,0.08907657472836328,0.9594562954730463,0.6119935588439176,0.6474778306910159,0.404271519670329,-0.43391318919645083,-0.27451543431450115,-0.8213814407839108,-0.5005778032935048,0.18835915367231681,0.11819476260349622,0.9742448736206651,0.5837941189560965,0.6018763676220696,0.35306929795495196,-0.4862352545903982,-0.2864510253031851,-0.9961191942755397,-0.5743102973379849,-0.3207387881416968,-0.1811728966238148,0.8740011240841565,0.5022451818339325,0.7966530873723039,0.45056703863474756,-0.23364758559888757,-0.13133673392415307,-0.9847798345966005,-0.5443774333321866,-0.5569978373680569,-0.30491195360880247,0.5372610817162751,0.2884724713360329,0.9882639347813302,0.5271522707747764,0.2559407919956143,0.13778668945996927,-0.9173999346291506,-0.46619212775754904,-0.7303423066609632,-0.37212556033607475,0.3363218609103595,0.16230440544827948,0.9978046344008487,0.4920907728427593,0.45796950737006925,0.22954104751559673,-0.6335880152600799,-0.30099079183932087,-0.6544935342920928,-0.3171000244161936,0.43327211689809264,0.19790427148106707,0.9997345136583831,0.46745782935926594,0.362363598651131,0.17442587833342504,-0.7107365367084877,-0.32121384600273883,-0.9288302342665864,-0.4249750906612942,-0.028929267517601345,-0.019584559062197457,0.9054497342113593,0.4020533689268819,0.7506579373692528,0.3365279882370123,-0.3069739519899753,-0.12964579953391475,-0.9955872503925287,-0.4331480748420098,-0.48683562180124057,-0.2142210219603011,0.6068512932876452,0.25649384355039356,0.971457891581547,0.4129812484712981,-0.15805107863220047,-0.0636228990820939,-0.9697401454211203,-0.41115622918017847,-0.6097934792141638,-0.25934538198035695,0.48618922156922134,0.20060364545061932,0.9954413027625382,0.41186662352693193,0.30245202831020634,0.1254460891517276,-0.7553399211538685,-0.30564813292318244,-0.1903614324791988,-0.07345665732636325,0.828066223996227,0.319207659982207,0.8417157853667292,0.3191247179999684,-0.16531532618210057,-0.06383939087421474,-0.9721475803658743,-0.3605799700561729,-0.5994001301315199,-0.21705397187694092,0.50031086338979,0.18258047801899538,0.9930330113196527,0.35221370294701343,0.2806549330986168,0.09513765715713812,-0.7723073922344893,-0.26802107053665175,-0.8877486126220123,-0.2991878879225308,0.07456618517357223,0.02845384365528967,0.9465035435572653,0.3113098493805584,0.6689647037833577,0.2125092064822032,-0.4209476200553475,-0.13670302655268782,-1.0,-0.31033604025607103,0.029475552690152455,0.013317840134639936,0.9322453296313213,0.294531676910281,0.35339715513739944,0.09945637959799795,-0.7263784127480095,-0.2117849625703012,-0.91458263764504,-0.25555063580073367,0.019705760958203065,0.010258320248125993,0.9779840677150031,0.26011359686386176,0.1852728878935396,0.04323873211471861,-0.8351143195369962,-0.21642456306246197,-0.8306749369307791,-0.20436268018570655,0.19345209294827376,0.05294495983244258,0.9796795857198087,0.2346316169414685,0.563694330580657,0.12589845077945186,-0.543995548157164,-0.12854853144151948,-0.9846603858743472,-0.2159766694742842,-0.21726719161900926,-0.040184830598423954,0.8161761018780849,0.17361310577581596,0.5276458018932937,0.08987638685152112,-0.5818639052895208,-0.10488397102413442,-0.9746705161871396,-0.15844559427070212,-0.16768940693796838,-0.021155612827959296,0.8456037416803608,0.12531096794088767,0.8179757816938503,0.10861599583520597,-0.21688335257126695,-0.03002593053909668,-0.9851371505694151,-0.11203272265971632,-0.5398083657667976,-0.05320652982017086,0.5703221621771596,0.05118440538266043,0.6956970425045534,0.04673400733647499,-0.7911477773018908,0.00034116396291825155,-0.8657478937345213,0.01857768471776328,0.1386869851160853,-0.0010743712900171162,0.9704211866984901,-0.05671254839998628,0.5895308872956975,-0.05736393303086283,-0.5296572910327569,0.04061794349200496,0.10479948217908287,0.006653007076378509,0.9624353289006532,0.04611455268528232,0.6087873395192336,0.019955666349166505,-0.5119231101037407,-0.008599588651149275,-0.9875633868252657,0.0005864233815161609,-0.21686618188819445,0.006080532982606649,0.8284094524040789,-0.027967492226422565,0.8259705174915889,-0.04975136953029088,-0.22260464715916578,0.006824437985494052,-0.9888753851532459,0.09252906930105162,0.06483587259659569,0.04155057536125376,0.9558339986139744,-0.18911982886608952,0.6141539557794208,-0.21426984187351605,-0.5216226008703229,0.04910288676682983,-0.7003047168732832,0.30112586444917144,0.42431960234742194,0.013323137831907195,0.9966810681308421,-0.3416790072005408,0.2684510261589437,-0.3029029763786302,-0.8113548741112371,0.1389766233678786,-0.8284385907557361,0.4625574772424672,0.24308954564541627,0.22983001093813846,0.8212571277922871,-0.5808403336205746,-0.265550979036634,-0.4989659688903515,-0.9976008638326033,0.22086042012630605,-0.39555294166438976,0.730906497561519,0.7364539047564939,0.3708432413510411,0.8818074731249783,-0.4853557430779829,-0.5729226279873153,-0.3852572736402691,-0.9623822519719771,0.40613724338921786,-0.059077219761804495,0.7566195460692167,0.924058652292857,0.18619561908611218,0.6644667168752751,-0.6668092962965662,-0.4885258214214215,-0.7568780285185758,-0.539285415129149,0.5306059562738383,0.5146523734020123,0.9888371598971654,0.5095884099606351,-0.31745357233589566,-0.424011365762333,-0.9965701772276403,-0.7238770608426398,-0.47093305412690434,-0.07011436626058626,0.6257215686572957,0.6021073724790871,0.9630869613149353,0.4370093049190402,0.12890364007523175,-0.6239182920644386,-0.9649301148332998,-0.5704791310544034,-0.13474924553999593,0.2060218678394077,0.8605824094046614,0.5245010202117512,0.9988630530982443
66,0.5451039818756516,0.6145063932991172,-0.4045073294959304,-0.46590460913778675,-0.9400330953378626,-0.9982344551303666,-0.36517248257275897,-0.3556955388175986,0.7594138936339142,0.7815562107235093,0.8965902336429621,0.8700308132857634,-0.042089361627872995,-0.05408644558429346,-0.9308704183374018,-0.8593696665067886,-0.711371100342296,-0.6285090098301866,0.35532946637446566,0.31530379028826666,0.9987456594749752,0.8469821267560272,0.45193333013316733,0.37171300663644335,-0.7366446017348287,-0.5867672181901527,-0.5457992486787,-0.42393654517778073,0.5481756664480802,0.41634147124913734,0.98654293860045,0.7412570235337647,0.24518565617698862,0.18399272921435642,-0.7891004723889835,-0.5755533028653227,-0.8805816346717622,-0.6374551766434979,0.07840227774562175,0.05409088275726266,0.9437452884247642,0.6669926718638386,0.6841722300449814,0.47980158539001927,-0.3904865758032303,-0.27051711466889755,-1.0,-0.6871350126800846,-0.4194479792933934,-0.2846781980606934,0.659975454388376,0.44647842283575045,0.954675212429846,0.637451974431895,0.11437966865723921,0.07286871915978489,-0.8618079671571667,-0.5670482946263828,-0.8137747976568958,-0.5263727792902855,0.20083406052423047,0.1333076914849171,0.9767857974244342,0.622721366698182,0.5927014553043486,0.3695717494173564,-0.4957045726547638,-0.31286007237843066,-0.7795659000138518,-0.47471354080381806,0.2564160921610946,0.15933558368185236,0.9876556392413322,0.5915532468141298,0.5446900909447934,0.31912710969785496,-0.5460160485293698,-0.3212560208138267,-0.9873853959661206,-0.5691157954067854,-0.2538808130785913,-0.1430587524368235,0.9057944947190124,0.5203572867635382,0.7525235761056942,0.42549422012405386,-0.30090674898173125,-0.16896705390000225,-0.9947075908740058,-0.5498755242359962,-0.49770700017605196,-0.2725663172582309,0.5948149998933736,0.3195873317681843,0.9751536106780809,0.5203260765413512,0.18787674477851624,0.10198170254335136,-0.942933805945465,-0.47953388226745686,-0.6809010765473991,-0.34744636641892873,0.4012260749808522,0.19483885479079815,1.0,0.4936105599800368,0.39482399870636203,0.19889592326085928,-0.6860364865514889,-0.32666191250290005,-0.6001407184092407,-0.29152435189047343,0.4950868728621073,0.22729636563027247,0.9945984212591847,0.46555857037502557,0.2964587731627654,0.1440742263881448,-0.7580835928658076,-0.34329861086389246,-0.9006277078700273,-0.4125824288212034,0.04086972588740069,0.011887314105179639,0.932885020498559,0.41471635178564614,0.7027116562206055,0.3155800330992279,-0.3726148338505394,-0.15861436698090448,-1.0,-0.43542199243039786,-0.42470865525410617,-0.18754049013152993,0.6608220380263873,0.279776090650101,0.9523928644904053,0.40513429636890047,-0.22655463382759777,-0.0930417004793317,-0.9845428469886439,-0.41769736334269525,-0.5530193972974249,-0.23556240024967298,0.5459719815724811,0.2256519350158742,0.9860329155594273,0.40812424869809943,0.2352241248503765,0.09793873155673781,-0.7992284420613754,-0.32351178979964973,-0.12140657760299506,-0.04660428832159694,0.8652219767629011,0.33343947497151355,0.8019932095338702,0.3039428083199504,-0.23371183616553626,-0.08948249304534381,-0.9862517412462564,-0.3656571465325649,-0.5420849311689413,-0.1960150152871141,0.5594904899259951,0.2038005097832228,0.982278168224632,0.34819299771495776,0.21298608960571533,0.07141846602990344,-0.8147440324672819,-0.28244865987073897,-0.8534672803245282,-0.2873614447602218,0.14397856063548986,0.05155840338542549,0.9667506847596089,0.3176937369308577,0.6154855567037921,0.19511906474456725,-0.48321170813596587,-0.1562672959168699,-0.9954056725533175,-0.3086266210295556,0.09913094416532027,0.035590252094903164,0.9552598516554365,0.30150407282567737,0.2872614661888315,0.07997502506593161,-0.7725574760550552,-0.22481406766181555,-0.8841447471476406,-0.24668947605413113,0.08940874987663291,0.029457127490022154,0.9610448932721763,0.2552458847700363,0.11626783962036072,0.02515207626570552,-0.8714891675249589,-0.22539537947665142,-0.7897467253588912,-0.19381862119107057,0.2614339824026453,0.06944335421107778,0.9912935574973384,0.2369840254992565,0.5047022600175417,0.1119559956378752,-0.6012161958715841,-0.14125611403944863,-0.9698959717122421,-0.21227987648395422,-0.1486247307209546,-0.025386733430777658,0.8545024074305397,0.18120349527965263,0.46706300968163916,0.07875218232260596,-0.6372105508074511,-0.1141687029745114,-0.9566519773283383,-0.15513215868682617,-0.09851091523220575,-0.010394209852042846,0.8807820650260382,0.13016641179660024,0.7758415543325513,0.1027039977091543,-0.2844749203857205,-0.03840115675793222,-0.9949467730564198,-0.11298098936455304,-0.47975061366579724,-0.04707079649437876,0.6262399772303381,0.05607766361660319,0.6438376078266215,0.04322712187695861,-0.8319380588139689,0.00044585277298069226,-0.8286495699145822,0.01797325851272625,0.20747305101003144,-0.0038665414175352297,0.9850565525532434,-0.0581052238377825,0.5317018582399019,-0.05309689533881233,-0.5875835354994517,0.04726255683333361,0.17391654936033574,0.010973712118904834,0.9790328654065679,0.04692010789975839,0.5519608741662116,0.018108488207347045,-0.5706067791082465,-0.009558571273126825,-0.9741070570765622,0.0006451073222105227,-0.14821772337129463,0.004864995494492758,0.8655314151924016,-0.029565238223180447,0.784584402325863,-0.04782604658888911,-0.2900827720459035,0.012096611381108409,-0.996866008069971,0.09431684217255017,0.13431899214758622,0.02750803558203067,0.9740535194921445,-0.19770068601073318,0.557606896757677,-0.2041010594757094,-0.5798920058983722,0.06831642059925108,-0.6487668932282267,0.292433530120503,0.4864607531625448,-0.011074320352534722,0.9885064062837813,-0.3520523055851723,0.200574085663785,-0.28329723536568197,-0.8501558174796272,0.16736979780849137,-0.7872834270254548,0.46399040451532136,0.31016149203137194,0.19883904328859967,0.7794299543595036,-0.5979954052685073,-0.33217755580816943,-0.4665284687280999,-1.0,0.26678554117369047,-0.3305026586217751,0.7338224787524749,0.7818806220790073,0.32313078848857246,0.8467611781438272,-0.5285210792060365,-0.628711753046812,-0.34314768731204903,-0.941083044569725,0.4479792880010736,0.010721773643197544,0.745426150216654,0.9485330446874772,0.131385876546952,0.6107160125562232,-0.7001911395105425,-0.5482087855519424,-0.7251948888909584,-0.48521815594164236,0.5884892185429824,0.5637672521940581,0.9760099557780345,0.4630814881230542,-0.38283140312927977,-0.4690212432682713,-1.0,-0.7099660836642303,-0.4082043667146436,-0.021068961886079735,0.6786179214354711,0.6202315499875771,0.941957471730612,0.40475942440390805,0.0593940083084436,-0.6517509840208386,-0.9442445188859361,-0.5391895945174827,-0.06526823240251832,0.25031920917000894,0.8940521214659629,0.5505929534730238,0.9928597458071569
67,0.4968659921832383,0.5579776835070571,-0.4599042028549853,-0.5265296348438285,-0.9351214535441631,-0.9916056123375147,-0.3010213512539542,-0.2896190274915144,0.8015403436192057,0.8232014436355329,0.8634473210286909,0.8365648935439759,-0.11168329989383187,-0.11992873512915606,-0.9541517972880711,-0.8799865354577266,-0.6606056991240116,-0.5827518800392795,0.41968427370639194,0.3710469935057261,1.0,0.847705995903575,0.38859715942053946,0.3191495659943546,-0.7820570795436999,-0.6229136991983084,-0.48600878213072657,-0.37764916310017055,0.605189451455692,0.4598799686160004,0.972582602175796,0.7309283149363448,0.17696075200223857,0.13349579594046362,-0.8300923059495044,-0.605669251359434,-0.8453775045356926,-0.6121511650507278,0.1477771835957496,0.10368926956403354,0.9645277801552234,0.681791661851339,0.6316112078811618,0.44303881332270045,-0.4537648937301578,-0.3144159330969787,-0.998656786695368,-0.6861902881822788,-0.3550857082348123,-0.240831531693014,0.7107819758997415,0.48067428694179937,0.9315198895285542,0.6218226619209036,0.04479893114158527,0.026774416570840245,-0.8951378802828003,-0.5887010838179013,-0.7712474606956097,-0.498532700015226,0.2687071700563274,0.17688934656859873,0.9893564971569353,0.6304153386496257,0.5350374980055802,0.33307146275044386,-0.5550809332631536,-0.3496804876183178,-0.7339523925406145,-0.4465365216613727,0.32322379722371747,0.19970013781286627,0.9962546458664132,0.5964303867164091,0.4848501388964921,0.28363016624085585,-0.603136707165249,-0.3544958892836065,-0.9738411552591877,-0.5611486185276837,-0.18578595621417524,-0.10424764038817456,0.9331749256257416,0.5359342632981636,0.704727845619703,0.39834843654344526,-0.36669992493057496,-0.20577418337375852,-0.9997892317563303,-0.5526946768590224,-0.43599138450852043,-0.23889276520824754,0.6494710391815864,0.34914519484476747,0.9572924362057065,0.510964905966011,0.11889738094616162,0.0656798710231071,-0.9638737985425883,-0.4905393959055352,-0.6281425648328343,-0.3210744487297763,0.46417555594514237,0.2264240688179093,0.9973234661187997,0.4927255260866516,0.3297549472085269,0.16728179806094318,-0.7351426570405643,-0.350741569164705,-0.5428640772722341,-0.2645284020262683,0.554489615347496,0.25558109473387725,0.984616745328295,0.4613911568337021,0.22910963033148418,0.1130206592941936,-0.8017373419609815,-0.363710859401173,-0.8680374138115061,-0.39817970686053644,0.1104696060960898,0.043301273473144934,0.9557753847391647,0.42535887826565255,0.6513418345191789,0.29309460376217744,-0.43644037369569405,-0.18681018117582285,-0.9995408501271198,-0.43557457784013065,-0.36051255083013695,-0.15994627988634347,0.7115733242214639,0.30169529675915596,0.9286878750976628,0.39531357069855083,-0.29395443762018086,-0.122007212064354,-0.9945489547715396,-0.42220351793779864,-0.4935510604663682,-0.21063178218362236,0.6030948209624312,0.24960087103618483,0.9718206751073928,0.4023935335541156,0.16685023309892025,0.06995422630636974,-0.8392232023373226,-0.3397993297555048,-0.0518602420844543,-0.019524867908773808,0.8981624550305957,0.34604680635597773,0.7583634034002366,0.28728011983002144,-0.3009697255758051,-0.11468964550510469,-0.9955509827809651,-0.36895287814677813,-0.4821287489118943,-0.17402109324616888,0.6159443350350695,0.22402764594974253,0.9667377646322768,0.34247593119827247,0.1442795992935399,0.04735133131512957,-0.8532113216716787,-0.2955001877255763,-0.815027941227533,-0.27413500552451214,0.21268948702266577,0.07441177575690011,0.9822879138032428,0.32252985252929256,0.5590078258603559,0.17677832253679512,-0.5431216373468152,-0.1750702467232782,-0.9859618287277833,-0.30541360392842365,0.16830337964512232,0.05768927192447966,0.9736204437046714,0.3070075712053507,0.2197262682524132,0.06010404025080547,-0.8149727169959677,-0.23674790121391295,-0.8493993923160578,-0.23662646997733255,0.15867614835299992,0.04851242256780704,0.9394236047132223,0.24913464038283764,0.04669634611975382,0.006942882029403771,-0.9036182078905255,-0.23326809225869516,-0.744970947126119,-0.18233029735657166,0.3281421917740031,0.08560342754841817,0.9980780467072208,0.23818187170636307,0.44325133077611634,0.09746810213932848,-0.655507778713757,-0.1532755110487922,-0.9504063218695564,-0.2075488772736928,-0.07925818507453498,-0.010464954649722514,0.8886656631482744,0.18791107956899847,0.40420473343582514,0.06724430507755647,-0.6894527705740295,-0.12289721648019444,-0.9339727261983134,-0.1510629348196579,-0.02885248824971433,0.00041783266945043354,0.9116693066868121,0.13438769797832156,0.7299275049058644,0.09629163603003339,-0.3506805549833721,-0.0465892964011137,-0.9999091148767932,-0.113378824046015,-0.4173555647993802,-0.04070573897960597,0.6791068140638725,0.060697717110312896,0.5888414610416896,0.03950963822483289,-0.8686752217296265,0.000548369433150135,-0.7875141486855828,0.017281268398880875,0.2752483290545748,-0.006639874143930495,0.9948928219014955,-0.059214816465757686,0.47128243117724533,-0.04857117490995251,-0.6426471320448853,0.05367691174858602,0.24218631259513543,0.01524095433906154,0.9908606522042612,0.04749707306493959,0.49244531091716637,0.0161730873312403,-0.6265105092421316,-0.010470985496685948,-0.9559049756626802,0.0007006483648770376,-0.07884716300492153,0.003625756237357271,0.8984365959288204,-0.031018945351202358,0.7393758708181551,-0.04566771995596367,-0.35614764282625017,0.017309851302021,-0.9999999999999999,0.09564511286967985,0.2031477230705316,0.013331479418549988,0.9875275495348661,-0.20531836528593583,0.49834323298537764,-0.19293791723230358,-0.6353362353642237,0.08719712369765488,-0.5940683424931822,0.2823164890284031,0.5462319160871236,-0.03541782556140588,0.9755158405896223,-0.3607104405251666,0.1317199683849073,-0.2623112986989702,-0.8848148871626215,0.19494756341813518,-0.7422926975761578,0.4631628171775293,0.3757223628054749,0.16687935180738953,0.7338054765371057,-0.6122371034122599,-0.3971857969181802,-0.4318180887614817,-0.9975272366870451,0.3114109098816643,-0.2638421998483678,0.7331633505905258,0.823498095605117,0.27384407490558066,0.8075895478188962,-0.5691115137629504,-0.6814378576433476,-0.2993663199443306,-0.9151989751716664,0.4876388225525087,0.08046853164475884,0.7306011130902103,0.9683862794345888,0.07593603522411572,0.5539899612129563,-0.7301617218757916,-0.6052209315850103,-0.6899786726609988,-0.4287869626723467,0.6435054204941144,0.6101355136031004,0.9584277292625305,0.41431847982412623,-0.44634411780869604,-0.5117460964228571,-0.998557923292008,-0.6925962230917497,-0.3434869486603087,0.028079088352891135,0.7282081159148477,0.6353340217299854,0.916238860029251,0.37053759665935526,-0.010404985096558439,-0.6764084106968695,-0.9189586585576865,-0.5052731804752214,0.0045307610024846205,0.29339702047553273,0.923166101461287,0.5740024532103861,0.9820193256364098
68,0.4462073213217018,0.49873056252866976,-0.5130604691671409,-0.5845894610954865,-0.9256539940268765,-0.980145766677202,-0.2354036741704022,-0.22213152137589612,0.839761769620938,0.8608361218620839,0.82609777985979,0.7990233137320523,-0.18073312834907496,-0.1851867439316637,-0.9727846445933566,-0.896316198463852,-0.6066218933434477,-0.5341556416668349,0.4819944214433365,0.424982493068339,0.9963824410446733,0.8442999266501892,0.32336778240886466,0.2650312607475437,-0.8236594538731359,-0.6560254072790361,-0.4238505296496442,-0.3295219122610928,0.6592548142892425,0.5011779770027391,0.9538839410770024,0.7170385970612116,0.10787371283176622,0.08234848456769812,-0.8670400132360251,-0.6328344401425816,-0.8060547801745735,-0.5838648145150489,0.2164321338619095,0.15278249267229613,0.9806111894947596,0.693269031395758,0.5759730394018815,0.40411760069097935,-0.5148325147071212,-0.3567829487039915,-0.9924482179105855,-0.6819025135760557,-0.28899349529880175,-0.19581155831122712,0.758125639072078,0.5125283542390783,0.9038262953615314,0.603163891906429,-0.025000062263415883,-0.01945032828428141,-0.9241067716346409,-0.607485780505085,-0.7249626836313383,-0.46826381953802415,0.3352711652662601,0.21960921453665305,0.997107151485055,0.6350379904402967,0.47476689179831,0.2949484853972385,-0.6117529953612256,-0.3847972946722882,-0.6847631427875557,-0.41618402147108724,0.3884567884366104,0.23909177294624462,1.0,0.5984017777275789,0.42264804570845105,0.24675140512433497,-0.6573189443909077,-0.3860086894145978,-0.955552458334002,-0.5504475819855769,-0.11678596884622272,-0.06492864431449057,0.9560090220972376,0.5489002219739241,0.653498751908848,0.36926193942184177,-0.4307065757057044,-0.24157880171046645,-1.0,-0.5528211565730662,-0.37215166264136407,-0.20405535161958466,0.7009629208515071,0.3770020576280183,0.9347674292108367,0.4991143657308172,0.049338761025360216,0.029058053773354905,-0.9801178948814673,-0.49915505091560936,-0.5723238056830737,-0.2931382886007033,0.5248636202596315,0.2569061675418081,0.9897880725612728,0.4894399829587688,0.2630793627547432,0.13485269275598252,-0.7806672864008195,-0.37311244815795885,-0.48294265691926347,-0.23624369637769319,0.611190940164013,0.28262065843486034,0.9698381155874951,0.4549758919551617,0.16064428841124573,0.08141646690895807,-0.8414851073164762,-0.3823511451915382,-0.8312181287277104,-0.38183709339292915,0.1795312894882447,0.07450427338937705,0.9740093073795263,0.4339290990476738,0.5967987408726285,0.26918124697736484,-0.49813961991103783,-0.2140958749461471,-0.9942120377059152,-0.43360508769042977,-0.2945600654971181,-0.13157282744329457,0.7588578967080342,0.32214467370870553,0.9004584117288228,0.3835669170485388,-0.3599221249408735,-0.1503783167763201,-0.9997097200185001,-0.42465273943325843,-0.4316781924802971,-0.18467498724740586,0.6572794430075318,0.2723337767025984,0.9528738220133077,0.3947023975631127,0.09766346378353456,0.041628911097211986,-0.8751293515299035,-0.3544314015333003,0.017938751320548632,0.007649675697868019,0.926727176100355,0.3569682324843789,0.7110389269956608,0.26921783147357775,-0.3667613207364414,-0.13933804154052823,-1.0,-0.3704511084256738,-0.4198236838535624,-0.151179357931468,0.6693973612583598,0.24316334194437478,0.9464875118267738,0.3350903563703495,0.07487019327654275,0.023053505673928172,-0.887521851081393,-0.3071120683693896,-0.7726178679271993,-0.25957300809784134,0.2803642116085397,0.09690262143673264,0.993039534870063,0.32579463510679213,0.4998066650805998,0.157576334111319,-0.6003855325349087,-0.19302027288565082,-0.9717144779812235,-0.3007126424490204,0.23665585797708988,0.07950723542014541,0.9872376548201615,0.31101535955840454,0.15112058602387635,0.039940234593214406,-0.8534174927804468,-0.24752832278911197,-0.8105158490264398,-0.225410643524414,0.22717049258466174,0.06733136999929322,0.9132255387826359,0.24180963707062042,-0.023102647285248225,-0.01130013723024917,-0.9313449111786339,-0.24000434634328113,-0.6965657453231662,-0.16995367864112898,0.39325172537177583,0.10134644959156913,1.0,0.23821931977647423,0.3796409256066161,0.08250535384461795,-0.7066057935494482,-0.1645481651755066,-0.9262863879612315,-0.20180672079609416,-0.009505501517437088,0.004507808338452516,0.918499429083511,0.1937031799674398,0.3393772123592297,0.055408820337543324,-0.7383360457459202,-0.13102698710077101,-0.9067432538288602,-0.14625774751884138,0.04094650515528771,0.011227839552178544,0.9381149871260862,0.13795426080409684,0.6804573220473326,0.08941015117937556,-0.4151777091674324,-0.05455045767536885,-1.0,-0.1132242884935243,-0.35292720157369356,-0.034142367196250946,0.7286651107628662,0.06502205742757433,0.5309765378486978,0.03559966758677062,-0.9011802862839444,0.0006482144925631704,-0.742542037684834,0.01650508568250318,0.34168262490782964,-0.009380858070934311,0.9998820734277204,-0.06003592046016427,0.4085669634830376,-0.043808820599288846,-0.6945798163616584,0.05982975814538345,0.3092761684594546,0.01943394416169371,0.9978610655053799,0.047842637264537476,0.4305306036137608,0.014158892799368765,-0.6793619431516048,-0.011332386131444995,-0.9330458212946018,0.0007527759191387986,-0.009092467186077582,0.002368852660293186,0.9269646838804048,-0.03232153129548672,0.6905651743896225,-0.04328690478191582,-0.42047739809058327,0.02243875936737031,-0.9982620924496773,0.09650741019112155,0.2709867387070151,-0.0009100263725822417,0.996190444622176,-0.21193575412399546,0.4366516910752616,-0.18083480085019388,-0.6876851705551572,0.10565301117442841,-0.5364755505090533,0.2708240303801113,0.603341892023566,-0.05958877868432924,0.9577726597786201,-0.3676112304574092,0.06222412466050498,-0.24004740775243713,-0.9151632276566408,0.22157556409486634,-0.6936855927192705,0.46007874715141184,0.4394527519954694,0.13410664089882757,0.6846059721948875,-0.6234960439300465,-0.4602589887505807,-0.3950039344726211,-0.9901946209480386,0.35451911593960994,-0.1958963283986245,0.7289323242818223,0.8611035691871778,0.22322322051635907,0.7644834223956081,-0.6069292942317014,-0.7308440654953403,-0.2541264699580395,-0.8848561483620498,0.5249226297777521,0.14982325504881538,0.7122166607805582,0.9835216335701429,0.02011624117073255,0.4945649264655358,-0.7565750297276613,-0.6592845020759901,-0.6514009496942496,-0.3702667624224247,0.695386528721539,0.6535312561204758,0.9361761391908782,0.36353695353864307,-0.5076822888125007,-0.5519777740362072,-0.9922509727564289,-0.6718521033398945,-0.27709609671928637,0.0770903400959068,0.774250553652711,0.6473412099820776,0.8860564247018358,0.33451054699018695,-0.0801532864600755,-0.6977704435883209,-0.8891957240183451,-0.46889512628756824,0.07430768099531217,0.3350454309894651,0.9477825090066238,0.5946154706942323,0.9663946060233993
69,0.3933747732432905,0.43705367638186515,-0.5637171564461708,-0.639801226255413,-0.9116768412971054,-0.963910749365546,-0.16863913404898662,-0.15356181281671688,0.8738919606936344,0.8942768930338665,0.7847235733464709,0.7575889726531687,-0.24890244317023008,-0.24954254153264102,-0.9866781828941537,-0.9082790990484508,-0.5496826866759343,-0.4829570507013271,0.5419563408089181,0.47684752064381314,0.98791060699259,0.8367805130228958,0.2565629900661105,0.20962174983922055,-0.8612490421372606,-0.6859410255189439,-0.35962731999341513,-0.27978926378891067,0.7101083539356374,0.5400342966637536,0.9305380533013605,0.6996555392176647,0.038261123775806094,0.030799979655760833,-0.8997635887326173,-0.6569165231456501,-0.7628050379487883,-0.55273393329294,0.2840326485275753,0.20113137483390173,0.9919171596897692,0.7013688639063761,0.5175287881712435,0.36322756773045095,-0.5733919234232134,-0.39741175364861386,-0.9814045411686884,-0.674292578468291,-0.22149333510322167,-0.14983761070025814,0.8017757903373774,0.541885434913674,0.8717293503358087,0.5815665680404092,-0.09467725787806716,-0.06558031309514221,-0.9485735076859648,-0.6233108675339044,-0.6751459612454094,-0.43571360480174764,0.40020175306035455,0.2612591684865253,1.0,0.6365668009753382,0.41218326901760033,0.25538854867129585,-0.6654446583590924,-0.4180394079863031,-0.6322377958349875,-0.38380391456286705,0.45179725722377834,0.27731857699524887,0.9988734546532351,0.5974578154287963,0.358386853726153,0.20867049596541373,-0.708298789792963,-0.41564089401221915,-0.9326084058836108,-0.537064820154834,-0.047217011977337714,-0.025293322412311872,0.9741855387107664,0.5591919939434847,0.5990858779681587,0.33837643524945576,-0.4926148673384694,-0.2762064724086573,-0.9953388687633186,-0.5502543471816743,-0.30649885528237497,-0.16822380086940517,0.7490397816315851,0.40302220428261987,0.9076883292633455,0.4848321904765835,-0.020460232379640935,-0.007705331393474798,-0.9915869553575897,-0.5053388726925128,-0.5137167424818131,-0.26377398819572534,0.5829946017753215,0.2861366452415602,0.9774305310073769,0.48376993743224606,0.19512208209026444,0.10176659868726001,-0.8223885832141313,-0.39366556080891923,-0.42066838848700844,-0.20680803518749932,0.6649146041567487,0.3082833226968782,0.9503345320353397,0.44634403026503255,0.09139630366577685,0.04941562168089673,-0.8771332418149124,-0.3991286546363329,-0.7903492324745081,-0.3636342079884421,0.24771831448443415,0.10534429597479952,0.9874979545814082,0.4403852608775352,0.5393481037505464,0.2439564662152828,-0.557411979970993,-0.2403385151345751,-0.9840395241748519,-0.4295231171393321,-0.22717251313407325,-0.10255836541059482,0.8024453898019711,0.341024594189815,0.8678420054918036,0.3699515639346782,-0.42413630784809975,-0.17801679344492752,-0.9999999999999999,-0.4250330954681433,-0.36770223173260363,-0.1578184743367848,0.7082618656757977,0.29373989958381247,0.9292846634409158,0.3850883111665287,0.028000887889692575,0.013100784017712122,-0.9067719584895246,-0.36733671915014515,0.08765034893231305,0.03478695085345185,0.9507769755224434,0.36615054526643737,0.6602503404121455,0.24984394090387654,-0.430766091609167,-0.16330759664377661,-0.9995771177386834,-0.3701445381419349,-0.3554732800080252,-0.12760109198142097,0.7195891508251869,0.26111437057974773,0.9216260670042428,0.3260722550093551,0.005096027203827777,-0.0013566343295863138,-0.9175084632460224,-0.31722772988690406,-0.7264436780376019,-0.24374639706790588,0.3466730299375679,0.11892136728554259,0.9989531671429811,0.32747217897081365,0.4381704964689614,0.1376066496255703,-0.6547244097590331,-0.21002992368085407,-0.9527330319743375,-0.29454663920313484,0.30385537275755586,0.10093784765688332,0.9960451433181499,0.3135079123428446,0.08177865949082026,0.019581844127463794,-0.887704504325325,-0.2571028112571421,-0.767683553993133,-0.21309663907444318,0.29455808501154834,0.08582228576426826,0.882578329824211,0.2333065615132149,-0.09278908691494564,-0.02948810335720193,-0.9545341956779426,-0.24557132337763501,-0.6447669452275429,-0.15674906268703076,0.45644537609306157,0.11659572191961924,0.9970500538124277,0.23709618726635667,0.3141809480089345,0.06714064775938598,-0.7542612959867326,-0.17501915718180966,-0.8976536798807424,-0.19508138226031774,0.060293491887564075,0.019458609737525914,0.9438583581274919,0.19855157794405529,0.27289627961809887,0.043303389394520816,-0.7836222219202165,-0.13851840741097932,-0.8750962194722668,-0.14074000717389057,0.1105460113031006,0.02198314552922679,0.9599902656470706,0.14084872433834822,0.6276720195151175,0.08209306905964889,-0.4776521592859448,-0.06224585460322224,-0.9952189856428552,-0.11251813558875887,-0.2867794124980599,-0.027412657231894705,0.7746734242873834,0.06902961681704294,0.47052475033688373,0.03151625894669178,-0.9292948910698128,0.0007449015161267309,-0.693952336516549,0.015648491847765747,0.40645227735835,-0.012076139400377092,0.9999999999999999,-0.06056453548487852,0.3438609986117489,-0.03883303411831269,-0.7431285776320367,0.06569111997456284,0.3748592619193703,0.02353225376186329,0.9999999999999999,0.04795511694450763,0.3665183944863355,0.012075717565025677,-0.7289035939632659,-0.012138576520099094,-0.9056409614746146,0.0008012360247912851,0.060706526218923564,0.0011004082711843885,0.9509766930702878,-0.0334666499882484,0.6383901138468336,-0.04069520015895504,-0.4827586297376593,0.027458348052618004,-0.9916607523298946,0.09689953311100309,0.33750553419200885,-0.0151470986067026,0.9999999999999999,-0.21752061327167038,0.3728328260183015,-0.16785067549579272,-0.7366837727210163,0.1235941678009632,-0.47626910356917806,0.258012144278944,0.657512446909784,-0.08346942126734534,0.9353633068441479,-0.3727210554270147,-0.007574868744496162,-0.21661402996481527,-0.9410529848974023,0.24712407089602448,-0.6416989213836882,0.45475321971612676,0.5010421715513774,0.10068057591615936,0.6320711363724882,-0.6317173743954088,-0.5210898450548601,-0.35626536072066645,-0.9780378765497884,0.39590014050083483,-0.12699606972835326,0.7211500129612389,0.8945138327379865,0.17151484503510211,0.7176528105840144,-0.641790176187274,-0.7766896745244267,-0.20764854135481745,-0.8502023913430431,0.5596490667157555,0.21844805461445416,0.690362360491352,0.9938653691701923,-0.03580155718755693,0.4327304211098687,-0.7793023800853534,-0.7101361047439019,-0.6096496667791843,-0.3099426597250669,0.7438797836810407,0.6937430600507637,0.9093635930731846,0.31098431175812713,-0.566547082737256,-0.5895202714190649,-0.9811098752222998,-0.6478347876749053,-0.20935526044865158,0.12572601545106848,0.8165209205205711,0.6561946169296479,0.8515572115393539,0.29685379556096564,-0.14951108906893837,-0.7157330090182491,-0.8551007172932288,-0.4302326621778153,0.14372258143571254,0.3750615338422653,0.9677814154388447,0.6123315813753939,0.9460617090314892
70,0.33862574281153185,0.3732475086562101,-0.6116274704036456,-0.6918959441536175,-0.8932580906379695,-0.9429796557749506,-0.10105300101803087,-0.08424396654147412,0.9037646379771446,0.9233608370751878,0.7395262724639444,0.712463734252095,-0.31585913030784596,-0.31268259295519996,-0.9957647242684348,-0.9158169551623816,-0.49006548121284454,-0.42940554153147403,0.5992779033593403,0.5263893950312565,0.9746257717676658,0.8251843888490378,0.18850824862537502,0.15319098283678464,-0.894642711640544,-0.7125148080330742,-0.29365204218378826,-0.22869351014786238,0.7575023170615006,0.5762596235154799,0.9026586776673925,0.6788638299161782,-0.03153786962919595,-0.020898579661057518,-0.9281036064688241,-0.677798174880971,-0.7158389862550096,-0.5189101879084486,0.3502493846804777,0.2485003651549717,0.9983906091899348,0.7060516978133942,0.4565631887064463,0.3205679265714461,-0.6291578243255438,-0.4361044084771511,-0.9655795601526573,-0.663397557697882,-0.1529140816434509,-0.10313366931158147,0.8415197705463745,0.5686025042195042,0.8353854275411776,0.557135910313763,-0.16389319540926295,-0.11139079721271467,-0.9684188889581185,-0.6360992466710881,-0.6220399956017262,-0.4010406371806546,0.4631825981416792,0.3016362940292116,0.9980209490345935,0.6349943220434989,0.34759153078275334,0.21458438460779278,-0.7158943418716969,-0.44924487532578333,-0.5766322498934325,-0.3495539535627311,0.5129366151882536,0.3141943128130982,0.9928804982418082,0.5936030987094941,0.29237963701742176,0.16957296512563394,-0.7558278746890936,-0.4432481379542902,-0.9051207790252233,-0.5210655325058633,0.022581981427663433,0.01446522601418372,0.9876159213044846,0.5667594387283357,0.5417543178499096,0.3058423950980144,-0.5521231888550362,-0.30948849293745145,-0.9858285466091351,-0.5450067539221869,-0.23935281630960736,-0.13157268067118724,0.7934673958887701,0.42707886726960687,0.8761870630161949,0.46818796152550896,-0.09015954558914474,-0.044431176960293625,-0.9982251038611825,-0.5090607342781442,-0.452606902949806,-0.23312460743472485,0.6382852921935753,0.3139730939680511,0.960311046157386,0.47574301339893754,0.12621418625544406,0.06818470797927592,-0.8601032855162362,-0.4123007744187429,-0.35634466595148157,-0.1763648260381414,0.7153988710350158,0.3324440615992486,0.9262010141704009,0.4355376253257969,0.021703045315972634,0.017174028511246987,-0.9085080713283514,-0.41396164939601154,-0.7456298342063159,-0.343659733275017,0.31469848075301426,0.13567109173940436,0.9961756110115171,0.44469590998377323,0.47926981688207193,0.2175431540722175,-0.6139686848953858,-0.2654102502360106,-0.9690728689973159,-0.4233485531370445,-0.1586781991223404,-0.07304424933074849,0.8421234496183221,0.35824307712770426,0.8309975602392018,0.3545338439887291,-0.4862841412975241,-0.20478799019005742,-0.9954183805011483,-0.4233427329860848,-0.30193486267320635,-0.1301930856830511,0.7557937077287256,0.3137149512008857,0.9011681233996073,0.37359811322688313,-0.04179810551531036,-0.01549116876463655,-0.9339968636157835,-0.3784524091958484,0.1569349228546615,0.06175474748124974,0.970194685091554,0.373549009397282,0.6062450805382729,0.22925283576831626,-0.49267221338403056,-0.18648153355179933,-0.9942843962368844,-0.3680346608751673,-0.28939104607433797,-0.10340116633765735,0.7662751743820435,0.27779327624878136,0.8922745526247947,0.31546556239862333,-0.06470296620117515,-0.02576016494701608,-0.9430250664053457,-0.3257978897920295,-0.6767303275704685,-0.2267322780927577,0.41129289211219233,0.1403607401868717,1.0,0.32755431129627766,0.37439960524326876,0.11696655937501733,-0.7058735354714791,-0.22601632980001832,-0.929109966404062,-0.28694563433877623,0.36957453470538315,0.12187670084607413,1.0,0.3144730860920554,0.012038315549086132,-0.0008719471145159898,-0.9176667087568751,-0.2654247206726117,-0.7211111818520518,-0.19974444921930062,0.3605106200571347,0.10389508397982603,0.8476312879593458,0.22366683984001035,-0.1620234674403216,-0.047532406408732644,-0.9730730855253501,-0.24994190160923618,-0.5898269053865163,-0.14278078105588163,0.5174152708237516,0.13127695161063815,0.9892425799858025,0.23481794596470293,0.24719031241391173,0.05144883918722461,-0.7982421132080509,-0.18463747344718737,-0.8646476933037066,-0.18740562683968104,0.1297987414607714,0.03431461074593107,0.9646189041269865,0.20243265259126222,0.205085823634106,0.03098698869120937,-0.825090669398749,-0.14533497996410327,-0.8391858042987691,-0.13453659566112464,0.1796069483958919,0.032631351830994845,0.9771885680917066,0.14305698704568745,0.5718287619971949,0.07437603775942996,-0.5377995360978434,-0.06963799598438015,-0.9855893644267208,-0.11126380563768838,-0.2192344629516996,-0.020549395557015175,0.8169076067586732,0.07270087085221179,0.40778061353841083,0.02727930626102793,-0.9528820645587848,0.0008379594543809608,-0.6419817693206005,0.0147156601337269,0.46924173517002143,-0.014712586992550594,0.995246027091928,-0.06079808618063628,0.2774797775200097,-0.033668056998594924,-0.7880568911712164,0.07123244127047461,0.4386160787359369,0.027515916587159003,0.9972670350142684,0.047833964115155635,0.30072054458327296,0.009933710648552672,-0.7748940997342709,-0.012885628984112718,-0.8738239099250342,0.000845792589070952,0.1302097635303848,-0.0001733971964089661,0.9703556394033757,-0.034448722526323264,0.5831048808401328,-0.03790523261148705,-0.5426879098673829,0.03234416242625696,-0.980228140706151,0.09681957124587483,0.40238003664035765,-0.029310375698992315,0.9989376558974724,-0.2220457338565813,0.30719755691000306,-0.15404879852266656,-0.7820933255973725,0.140933186065614,-0.4137423214311168,0.24394324894613972,0.7084796672475784,-0.10694340922026381,0.9083969579011215,-0.3760150208803694,-0.07733695815039905,-0.19212533039717036,-0.9623580265900588,0.27146861406460193,-0.5865859574064748,0.44721218030601845,0.5601905640120709,0.06676400528800332,0.5764569135092499,-0.6368610413127251,-0.579382004013802,-0.3157910979429486,-0.9611162299290107,0.43535237937328347,-0.057477098971963944,0.709854331267254,0.9235661148119119,0.1189708664694454,0.667325866417464,-0.6735243209169852,-0.8187513295318035,-0.1601589699308731,-0.8114065337354578,0.591648949656448,0.28600859721633387,0.6651446841768133,0.9993670925946423,-0.09154493395799,0.3687876966404634,-0.798233047582471,-0.7575279956921344,-0.5649282319693401,-0.24810854754485426,0.7887489311089836,0.7305750175272935,0.8781207189389467,0.25691658567075853,-0.622651716224029,-0.6241906852979395,-0.9651889089969072,-0.6206612860444883,-0.1405944663934265,0.1737491662968881,0.8548132795400517,0.6618511096639894,0.8129092972404834,0.25775080227940994,-0.21814048868066124,-0.7302085951734709,-0.8168397458278835,-0.38947414778476797,0.2124372799063015,0.41325037460324004,0.9830653880960956,0.6270644741434503,0.9211196944909684
71,0.2822269617993346,0.30762291658708857,-0.6565579968058932,-0.740619814561044,-0.8704874763512349,-0.9174544600894026,-0.032974547923925686,-0.014515692129413426,0.9292342647905341,0.9479462599341855,0.6907260739188956,0.6638674441543504,-0.3812769835126508,-0.37429928621562547,-1.0,-0.9188930431283593,-0.42806072598649575,-0.37376201172697365,0.6536798442037999,0.5733667531985844,0.9565926577517291,0.8095680492799516,0.11953511394611958,0.09601388476467167,-0.923677771781886,-0.7356172900242065,-0.22624612114244197,-0.17648358471356485,0.801205805042507,0.6096774714068536,0.8703816396907614,0.6547647642744936,-0.10118321370354011,-0.07249532319848377,-0.9519219967269636,-0.6953776620403067,-0.665385438976081,-0.48255836424913706,0.41475974103816177,0.29465868667617723,1.0,0.7072947188207337,0.39337325927984257,0.2763465106975605,-0.681858531550482,-0.4726724064646484,-0.9450503725792799,-0.6492705307108578,-0.08358984614878304,-0.05592727105297897,0.877163951022541,0.5925493992805008,0.7949715909162156,0.5299909424351741,-0.2323106617669094,-0.15665859656322942,-0.9835462307483944,-0.645788614218963,-0.5659035136267131,-0.36441383988768117,0.5239068641638096,0.3405438778677618,0.9911796403262054,0.6303282146040697,0.28130636154971134,0.1727347869924285,-0.7628562601121501,-0.47826166679061316,-0.5182174095932677,-0.3136010008378782,0.5715769975237415,0.34953932552162476,0.982050327846946,0.5868564073620542,0.22494797610703823,0.12964929184517593,-0.7996746421552903,-0.46869592152339434,-0.8732234947138481,-0.5025276659598488,0.09227095768908186,0.054153301313577644,0.9962347384044127,0.5715656884981616,0.4817833851520493,0.2718183215408255,-0.6089416216947301,-0.3412627166383289,-0.9715153668710108,-0.5371039425414778,-0.1710406744754403,-0.09428055159837896,0.8340293167522489,0.4490548449450745,0.8404171014720448,0.4492627678879712,-0.15941961055534404,-0.08094055829916726,-1.0,-0.5103025031369786,-0.389292008082514,-0.20133946701990754,0.6904663208284753,0.34027989734119407,0.9385130224206453,0.46539831722586994,0.056691387592192846,0.0342706282279188,-0.8936276510685857,-0.4289273000999273,-0.2902848680230796,-0.14506238518445755,0.7623977865252431,0.3549851664506677,0.8975551380658243,0.42260932485606295,-0.04809594808903029,-0.015151234798983882,-0.9354567408411916,-0.42677786461111267,-0.6972778023363208,-0.3220109828856327,0.3801454676567462,0.16533691158266606,1.0,0.4468400453172465,0.4168565756417831,0.19006999354987444,-0.6675341961028861,-0.28918893327724193,-0.9493849882128893,-0.41511147753872096,-0.08941082087476032,-0.043174269010542034,0.8776987686380857,0.3737162358042955,0.7901045784046963,0.33738887079248386,-0.5460628472916566,-0.2305614804321975,-0.9859871827116008,-0.4195898872631809,-0.23469649731325323,-0.1019334094028342,0.7996433988097168,0.33216161511022535,0.8686611828461988,0.36028778283354723,-0.11139346275177181,-0.04400765012993003,-0.9566714299075425,-0.38772431714585254,0.2254549256079054,0.08842168118688451,0.9848857036785273,0.3791275803033581,0.5492862555715615,0.2075448338613078,-0.5521780856585232,-0.20874695117341532,-0.9841476211017373,-0.36413175573533063,-0.22189892805366115,-0.07869748060534494,0.8092279823150207,0.293118800999613,0.8585759663160839,0.3033219532783732,-0.1341867332587636,-0.05003819463022609,-0.9639473462336903,-0.33278079512717756,-0.6237200149721066,-0.20861354224979056,0.473908976659463,0.16111628967102262,0.9961749333766674,0.32604063194275046,0.30880467677534934,0.09575661980462725,-0.753583716273269,-0.2409016070794793,-0.9009603704712734,-0.2779466591875934,0.43349316666962817,0.142221782999746,0.9990829572014988,0.3139061785765498,-0.057760677855915904,-0.02132149031780167,-0.9431581332268967,-0.27245350752936404,-0.6710256285188297,-0.18541912448580342,0.4247067836002034,0.12146171578973139,0.8085546716631418,0.2129374358060176,-0.23046848591886857,-0.06534513635418035,-0.9868712611130429,-0.2530947880202693,-0.5320132881516397,-0.12811688581170216,0.5758643703653894,0.14531861318932307,0.9766156157478024,0.23139569523412643,0.17899539046429006,0.035506377042161905,-0.8383339750928364,-0.19335625450162428,-0.8274292300789776,-0.1788168500430292,0.19867162461290572,0.04900343442007466,0.9806799237887276,0.2053274957035036,0.13627621013252264,0.018519622493795882,-0.8625393580737938,-0.1514434951038629,-0.7991869602413898,-0.127677735377869,0.2477928584901257,0.0431205814667343,0.9896261060592514,0.14456829049217823,0.5131996122308481,0.06629665387950025,-0.5953268076292949,-0.07669086804908923,-0.9711580508981963,-0.10946740960974978,-0.15062142513921156,-0.013586019292600057,0.8551618974851005,0.07601793355245465,0.34304981058074113,0.022909451537366527,-0.9718268924125972,0.0009269349384048387,-0.5868835314763023,0.013711135202729463,0.5297450944159587,-0.01727735633980046,0.985643315581645,-0.060735434711924226,0.20974670284436264,-0.028339052489481254,-0.8291458707518102,0.07642672527277644,0.5002360021064359,0.031365524632732344,0.989675485278879,0.047479769020887866,0.23345761441532245,0.0077433076923329675,-0.8171093993434534,-0.013569903958974639,-0.8377496761227715,0.0008862285368754392,0.19907863196256567,-0.0014463578902912414,0.9850071106010979,-0.03526296435102333,0.524978819467475,-0.03493059458095656,-0.5999732690510303,0.037072399291779023,-0.9640199561130748,0.09626791416190592,0.46529418399729444,-0.04333085558714502,0.9930085879482744,-0.22548906994610218,0.2400656521838313,-0.13949641128806944,-0.8236925984071658,0.15758559201430788,-0.3491998282922742,0.2286858866255591,0.7559952458626693,-0.12989637963337566,0.8770049902909439,-0.37747707894889276,-0.14672226967007526,-0.16670061553220175,-0.9789745567130593,0.29449058943338635,-0.5286152056081911,0.43749236810707054,0.6166097643550559,0.03252216713717845,0.5180342505086409,-0.638901985253814,-0.6348514720884624,-0.2737783326792639,-0.9395121216470845,0.47268362521489365,0.012321894433038997,0.6951003106256425,0.948118875611015,0.06584727380125925,0.6137477777090878,-0.7019771228576176,-0.8568241103622981,-0.11188912010454773,-0.7686575850578139,0.620766378386758,0.3521757346820592,0.6366864898210751,1.0,-0.1468423130122429,0.3030482755834354,-0.8132748039098722,-0.8012292863918014,-0.5174545235997297,-0.18506567546078861,0.8297753730293279,0.7638476869555744,0.8425997289304246,0.20159718780316693,-0.6757228531380917,-0.6558201049014716,-0.9445656394273311,-0.5904639850171176,-0.07114871023044067,0.22092582866971433,0.8889410741871435,0.6642831303210888,0.7703009705588142,0.21739207299816904,-0.2857071297589355,-0.7411266784533191,-0.774599213229309,-0.34681815449351683,0.2801170053033094,0.44942590107893016,0.9935599649999294,0.6387423718257803,0.8916900773895147
72,0.22445319939860744,0.240499616590504,-0.6982898386446805,-0.7857354596787713,-0.8434759345808129,-0.8874595184964996,0.03526455385307489,0.0552833012755895,0.9501767556721654,0.9679133839020085,0.6385607273732549,0.6120368586004067,-0.44483729357961205,-0.4340924309780426,-0.9993633762512139,-0.9174923765550215,-0.363970501931656,-0.31629755097176687,0.7048971225549668,0.6175507261789533,0.9338991204635841,0.79000757555227,0.04997961620734628,0.03836901669726718,-0.9482127666668718,-0.7551359185223311,-0.157737951741072,-0.12341384899461613,0.841005898878272,0.6401250319420991,0.8338641898560141,0.6274757505179879,-0.17033560333162256,-0.1237388768084927,-0.9711027187039137,-0.7095693391293,-0.6116902007227715,-0.44385556474580096,0.4772494296290113,0.33938146069488395,0.9967374913297139,0.7050918710549952,0.3282668548757691,0.2307787624018116,-0.7312372925498862,-0.5069375920007143,-0.9199169945868274,-0.6319803229626557,-0.013858369326098456,-0.008448400751594778,0.9085346769015377,0.6136094532310602,0.7506847326105743,0.5002639119595442,-0.2995963339322153,-0.2011631709785563,-0.993881834168186,-0.6523317645528078,-0.5070100066177342,-0.326011654997527,0.5820787086066678,0.3777923661646911,0.9795094040431771,0.6225912114634601,0.21365069600001563,0.13004364285807613,-0.8061016193353812,-0.5049484154895345,-0.45727786616459487,-0.27612021556000454,0.6274327141820112,0.38318141777177933,0.9664357069701672,0.5772506105885461,0.15642039126875448,0.08909398024715047,-0.8396254751479211,-0.4918602656759863,-0.8370719533123459,-0.48154153513918213,0.16151039911968504,0.09357754717244364,1.0,0.5735873276872067,0.4194652522304248,0.23646997644417195,-0.6627933521641235,-0.37137434268735187,-0.9524690619218744,-0.5265844147422065,-0.10189523966817567,-0.05652909715523128,0.8705279306208442,0.4688430725548049,0.8005527122879547,0.4281488112050194,-0.2279029992037201,-0.11705560537412382,-0.996902996658466,-0.5090581294959579,-0.3240805216833416,-0.16857342096034167,0.7392834669537308,0.3649288912593064,0.9121426575776703,0.4527862472329527,-0.0131076058128092,0.00018958542070676167,-0.9227983525320655,-0.4434641350906459,-0.22281083139700378,-0.11305321497177498,0.8056823766354773,0.37579681925412267,0.8645364635505179,0.40762211423617134,-0.11766062286952947,-0.047402682816269255,-0.957847959144436,-0.4375148609693893,-0.6455287031034626,-0.2987934273560603,0.44374042405414343,0.1941972266123052,0.9989524895081312,0.4468072208661386,0.35241245106724234,0.16167083112472463,-0.7178475478072746,-0.3115587169047158,-0.9250717991977343,-0.4048520205486887,-0.01970784209542092,-0.013093947991580054,0.9089980274830162,0.3873686865458732,0.7453622864852386,0.3186001729319488,-0.6031811899838307,-0.2552116983176315,-0.9717523544789677,-0.4137928417865588,-0.16631471420999933,-0.07317712379831717,0.8395973076315806,0.34899002101951665,0.8319222123274802,0.3452221665782473,-0.1804461222349401,-0.07230973064742473,-0.9746851891570687,-0.39510727119663447,0.29287653462623914,0.11465783334989375,0.9947784581175437,0.38285907974796735,0.4896513631817654,0.18482569438606017,-0.6089938018044347,-0.2299953746320846,-0.9692161776827557,-0.3584548372839476,-0.15332574076070912,-0.0536103886581664,0.8482383128614724,0.30701628041617374,0.8206944842032345,0.28970059009156657,-0.20301675604032038,-0.07407244325901999,-0.9801733714868331,-0.33814242587947474,-0.5676710011569158,-0.1894784621987419,0.5342162243096125,0.18108689678724912,0.9874966026130778,0.3229385154038879,0.24170528296311633,0.07408016360797025,-0.7976225129593448,-0.2546132359445935,-0.8684213861777675,-0.26759355585194894,0.4952998635004394,0.16187397492272673,0.9932984826629792,0.3118099517127579,-0.12727826704448697,-0.04166715736348773,-0.9640545860777615,-0.2781549282843642,-0.6176709057747256,-0.17019045641607697,0.48683381838494866,0.13843659832959815,0.7655388582822262,0.20117062198917388,-0.29779068510062995,-0.08283951136378061,-0.9958614991165455,-0.2550146220650668,-0.4716077556546786,-0.1128288179781128,0.631507916580291,0.15865229709192552,0.9592306783989378,0.2268461079361833,0.10992842096488183,0.019390931397238735,-0.8743415581200049,-0.20113302332023178,-0.7861796148181982,-0.16935689552757435,0.26657659958032603,0.06345351828753128,0.9919631694393714,0.2072220038961252,0.06680267263361037,0.005962030557178245,-0.895785841698457,-0.1568141927585234,-0.7552945576477057,-0.1201968420019733,0.3147715466858466,0.05339973196403352,0.9972422851149436,0.14537527175934478,0.45207020554035726,0.05789427936598596,-0.6499537067960166,-0.08337010991360207,-0.9519953529661618,-0.10713769936581799,-0.08127457488385802,-0.006556453307853276,0.8892499254075537,0.0789646445217259,0.2766477034291701,0.018427984268665196,-0.9860370773342728,0.0010113944885839824,-0.5289260560599782,0.012639810999262877,0.5876675888116921,-0.019757952143676538,0.971238648914368,-0.06037688631040024,0.14099176331612273,-0.022871982965270567,-0.866195334995554,0.08124866595193699,0.5594188259582198,0.035062322995146514,0.9772623360610431,0.04689425726460001,0.16505730221701956,0.005515180119390839,-0.8553438240945851,-0.014188067725790428,-0.7975940101087406,0.0009223468683316512,0.2669776093111408,-0.002712272073919469,0.9948597261685402,-0.035905408558026,0.46429511405705975,-0.03178577820483875,-0.6543356187769618,0.041620023154455975,-0.9431151631967627,0.09524724947695709,0.5259414648610043,-0.05714023190247988,0.9822416819754667,-0.2278338459529276,0.1717641717315332,-0.12426441155980665,-0.8612789236748085,0.17347025679915598,-0.2829560686914355,0.21231438965276367,0.7998276916322941,-0.15221650794205213,0.8413403425243021,-0.3771001066326404,-0.2153927650403916,-0.14046375202504688,-0.9908216212019325,0.3160778362525424,-0.46806909366439764,0.42564113706728374,0.6700249039075,-0.0018781157428219442,0.45708777671217454,-0.6378302629449492,-0.687228007606156,-0.2304317468988665,-0.9133308047479225,0.5077120039484477,0.0820608568069549,0.6769598311419024,0.9680524965527174,0.012402879834058174,0.5571795715214253,-0.7270099628181805,-0.8907225302547652,-0.06307415773212921,-0.7221638138909587,0.6468594957207859,0.41662710736899466,0.6051264228864308,0.9957610079250061,-0.20142429107803925,0.235832433790071,-0.8243543671427223,-0.8410270685474549,-0.4674598288054869,-0.12112118200861473,0.8667592327410024,0.7933989672347085,0.8029736777403816,0.14529562870107673,-0.7255019362350891,-0.6842544348767301,-0.9193405410098711,-0.5573900028079759,-0.0013563247030554998,0.2670261626126484,0.9187380372768397,0.6634788303407705,0.7239398149789651,0.17597423138945575,-0.3518818344202044,-0.748434067053536,-0.7285849111263207,-0.3024724980156121,0.3464320288077425,0.4834118697406974,0.9992140176265821,0.6473083808787338,0.8579162358633933
73,0.16558592357236546,0.17220462663682565,-0.7366196825814412,-0.8270230806187969,-0.8123550628430176,-0.8531409633366009,0.10333185026848211,0.12481295999383399,0.9664900809115956,0.9831649311577741,0.5832843771517529,0.5572244909930931,-0.5062304010671417,-0.4917707210515534,-0.993857954588987,-0.9116217793491189,-0.29810705017759215,-0.2572921203423444,0.752680212981057,0.6587260540973603,0.9066557205357513,0.7665982643277808,-0.01981937719765576,-0.01946278136264633,-0.9681281642666698,-0.7709756007314121,-0.08846129889458304,-0.06974285340887693,0.8767086965123195,0.6674539676668659,0.7932842375080226,0.5971297379785988,-0.2386581350223466,-0.17437958704887777,-0.9855523258502419,-0.7203040657237156,-0.5550148692984233,-0.40299034554722646,0.5374140069716532,0.3824508023515892,0.9886189777933714,0.6994538865690636,0.26156116735200985,0.18408668317344118,-0.7770535389637042,-0.538733028545742,-0.8903018734664815,-0.61161117060742,0.055940624078904454,0.0390716293090209,0.9354791131602566,0.6316800636052843,0.70274061374622,0.4680996459912,-0.3654224028739199,-0.24468769864572576,-0.9993753451965626,-0.6556968201019109,-0.4456463978209815,-0.28602117409480193,0.6374147240915414,0.41320028802922193,0.9630670964035913,0.6118210065232502,0.14495414573550075,0.08671893916766159,-0.8454197324982617,-0.529175106265428,-0.39411051093737853,-0.2372942003474295,0.6802316417261032,0.414956688671812,0.9461127084748072,0.5648325068652792,0.08713074200753032,0.04810461173305542,-0.8754857372244881,-0.5126283160558254,-0.7968422814964834,-0.4582093823637027,0.22996297812074568,0.13254589262786762,0.998893362115236,0.5728145070725562,0.35510352676443335,0.19996957339216123,-0.7134160200455282,-0.39967667026922055,-0.9287824234449104,-0.5134994206063908,-0.032253381495721316,-0.01850223863302635,0.9027854199166165,0.4863471438429886,0.7567881107608749,0.4049489565512448,-0.2952760673487067,-0.1526003693060869,-0.9889491821255508,-0.5053336758183771,-0.25729014755898805,-0.13498610213879808,0.7844988983405018,0.38779998830172785,0.8813284253952363,0.4379682481574311,-0.08284274027986316,-0.03389238102761704,-0.9474732731813755,-0.45584045739206186,-0.15425128279722825,-0.08049326085981938,0.8450417631936525,0.3947776277291358,0.8273058542876949,0.3906490096497529,-0.18665206692261452,-0.07942318972777478,-0.9755726384732685,-0.44612032890386294,-0.5906346529174014,-0.2741201802830196,0.5051735217101802,0.22211143227452546,0.9930381829017322,0.44459759654787573,0.28625140845547925,0.132484024661431,-0.7646636184165305,-0.3324106177812032,-0.8962517533647798,-0.3926201652101253,0.050091151309582006,0.01705016542579785,0.9358687393102116,0.39913391598476355,0.6969886644295789,0.2982592870544662,-0.6573608945499636,-0.27861855046265166,-0.9527832464555176,-0.40597983917906316,-0.0971226625370092,-0.04406432660239352,0.8754607827666895,0.36411818262675477,0.7911302004148307,0.32847466262898883,-0.2486196663489588,-0.10025952542575317,-0.9879503801400338,-0.4005653023381904,0.3588712786077201,0.14033538407418739,0.9998247519033922,0.38472532824090466,0.42763093857013224,0.16120610270637808,-0.6628425613637993,-0.25012328374460113,-0.9495628104713727,-0.35103156289707127,-0.08400556587102223,-0.028262112286343295,0.8831161116122793,0.31941800737571513,0.7788146610592691,0.2746678347504358,-0.27085770159361994,-0.09774581838999132,-0.9916240906007749,-0.3418566607228448,-0.5088563512861779,-0.16942026212616934,0.5919208242141528,0.20017526674511935,0.9740072876643686,0.3182630748796436,0.17342832530841876,0.05204279630072777,-0.8377753729390183,-0.267084414717819,-0.8316515401842162,-0.25593676361060386,0.5546935091836448,0.18073753311139898,0.9826747577629403,0.3081946181072483,-0.19617576930998482,-0.0618098262068674,-0.9802542618916834,-0.2825012061887986,-0.5613069524657494,-0.15413263755017628,0.5465890477428866,0.15473703167800135,0.7187934165354567,0.18842372512359942,-0.36366207799839784,-0.09993030060101556,-1.0,-0.2556920505051435,-0.4089045975780138,-0.09699105948484722,0.6840748197045674,0.17121304295076922,0.9371724656064438,0.221191349202866,0.04032589124849716,0.003181015083717418,-0.9060894369645189,-0.20792989226704395,-0.7410998115005228,-0.15907185124080478,0.3331828401507772,0.07759446299221641,0.9984136702402954,0.20810694731564788,-0.0029963207713916682,-0.006624607793012429,-0.9246681467464424,-0.16142090742897194,-0.7077224358911053,-0.11213036169398828,0.38021669954683934,0.06341872433492626,0.9999999999999999,0.14547399931557103,0.388738358250412,0.04920984974291319,-0.7014140968363476,-0.08964318098295014,-0.9281946293687138,-0.10428602502001978,-0.011531763069360235,0.0005050550583571619,0.919005617080511,0.0815266476803856,0.20889779647502035,0.013856737712981316,-0.995443388731276,0.0010909266264797612,-0.46839170606599223,0.011506906907157237,0.6427270257868745,-0.022142289190771026,0.9521022051781474,-0.05972418778783535,0.07154992608944914,-0.01729348343913677,-0.8990247826368489,0.08567477129766692,0.6158762175225186,0.03858830124438072,0.9600880629759843,0.046080281400713304,0.0958528474338156,0.0032601831432909484,-0.8894110997135884,-0.014737108652825745,-0.7535525462513295,0.0009539716185593341,0.33357589858364745,-0.003964972340640132,0.9998654851530394,-0.03637292522373303,0.4013494095217385,-0.028486104712402045,-0.7055101111417984,0.045964878447954514,-0.9176156080069612,0.09376254976677659,0.5840264117753624,-0.0706712267517019,0.9666893932626631,-0.2290686383640485,0.10262587350023493,-0.10842700810943988,-0.8946691846017634,0.18850979193004821,-0.21533377556657854,0.19490851831534825,0.8397634572866844,-0.1737950527247842,0.8015767691801173,-0.3748859405028439,-0.28301388851063447,-0.1135425632373936,-0.9978415023493509,0.33612518362550897,-0.40524259614641184,0.4117162251930025,0.7201757494787746,-0.03626924863171085,0.3939144172138691,-0.6336510957094903,-0.736256437350709,-0.1859625208104971,-0.88269983197572,0.5402668608337973,0.15140002693523577,0.6555212714086032,0.9832698630395116,-0.041101939716961314,0.4978968424688034,-0.7485008833186799,-0.9202814395149472,-0.013951904403430703,-0.6721517332144782,0.669801178613752,0.4790487146680388,0.5706182408465791,0.9866707683129483,-0.25502495024480093,0.16746764008507467,-0.8314177587626641,-0.8767274513648895,-0.4151877167142028,-0.05658659833275184,0.8995203285970966,0.8190848874976605,0.7594356195070197,0.08828620390102046,-0.7717464468259476,-0.7093551460262838,-0.8896365078883998,-0.5216004725337999,0.06844266870194744,0.31182557193270966,0.9440590010001478,0.6594421281916909,0.6740516973907144,0.13369906101428097,-0.4163422061552181,-0.7520951601113974,-0.6790210165734242,-0.25665322593180556,0.41105927029104833,0.515042704365479,1.0,0.6527207685672569,0.819962712673583
74,0.10591192977111928,0.10307067305212297,-0.7713607894694156,-0.8642815282421162,-0.7772764788966956,-0.8146659911607549,0.17089572429626254,0.19373454251714345,0.9780947636280677,0.9936265976963324,0.5251663240763066,0.49969738167766964,-0.5651572049267728,-0.5470531536047195,-0.9835105568742547,-0.9013098524701281,-0.23079125084067725,-0.197033188365526,0.796796321068654,0.6966921348951164,0.8749951850741835,0.7394541634176752,-0.08952181258918766,-0.07719975870815296,-0.9833269387660636,-0.7830591673119262,-0.01875367149197655,-0.015732077651859522,0.9081402575034089,0.6915311347533972,0.7488394840955459,0.5638745693790509,-0.30581794826907366,-0.22417073746973554,-0.9952004211324011,-0.7275295433146369,-0.49563556122075253,-0.3601617978935959,0.5949603572929962,0.4236568821430578,0.9756840119728519,0.6904082330566265,0.1935811801129482,0.13649775212897722,-0.8190840586448397,-0.5679038119289496,-0.8563492911114384,-0.588262310107925,0.12546708038652507,0.08640130631910828,0.9578659892136903,0.6466731922058814,0.6513728132509334,0.43365484560079864,-0.42946817060095593,-0.2870201324410158,-0.9999999999999999,-0.6558673866538914,-0.38211164457026264,-0.24463722678263383,0.689645319113345,0.446595139625222,0.9419328226774932,0.5980700711392916,0.07555139344370229,0.04297174952257833,-0.8806190457057042,-0.5508237091160914,-0.3290230889167268,-0.1973121116434924,0.7297165490883499,0.4447103322959353,0.921180343966675,0.5496625959453295,0.017416600529598807,0.006880882386056644,-0.9070807207928168,-0.5308988928090591,-0.7527304741834759,-0.43264487953639336,0.29729520060819803,0.1708684878178742,0.9929202161786561,0.5692509917585611,0.2890117726109273,0.16249493867945514,-0.7605629967895999,-0.42603181328889667,-0.9005708503618045,-0.4979127089101625,0.03754561190927984,0.01961476093595823,0.9306446293942281,0.5014817807338133,0.7093365136302429,0.37977623128647864,-0.3612105801746168,-0.18740167957812615,-0.9761773065861441,-0.49914728726817265,-0.18924628169844057,-0.10074114459638808,0.8258923299521117,0.40878176278266176,0.8462204497151,0.4210165118013011,-0.15217427324359764,-0.06780922720242537,-0.9675321992834266,-0.4659959708059866,-0.08494023745294757,-0.047541151672109004,0.8802841912248491,0.4118351192847615,0.786044694063276,0.3717727023562215,-0.254734160867851,-0.1110567548425177,-0.988544425971678,-0.45255234343977563,-0.532863090072714,-0.24811144724610287,0.5641454647483097,0.2489435333652673,0.9822858940880846,0.4402219374300254,0.21869577775561042,0.10265176934723372,-0.807754324740578,-0.3516430475416584,-0.8630652590803441,-0.3784755038926998,0.11964610566054781,0.04711121215109942,0.9581799927126845,0.4089546051057769,0.6452193836618749,0.2764653119113734,-0.7083380029155364,-0.300668001036457,-0.929172274228773,-0.3961889436040382,-0.02745743901487463,-0.014736852436592125,0.9070591009691692,0.3774723970492671,0.7464838816898898,0.31012686314156,-0.31558196043968856,-0.1277208658742603,-0.9964023761793815,-0.4040718195914378,0.42311763779343736,0.16532923491373444,1.0,0.384717233607107,0.36352713901109535,0.13680113109869071,-0.7134620185929006,-0.26903261736101847,-0.9252832686970931,-0.34189809802132975,-0.014276124308621685,-0.002776145744358742,0.913691457437833,0.3302635619111081,0.7331405311727979,0.25829692532791465,-0.337379055651278,-0.12094298571914246,-0.9982437168230145,-0.34390540427848454,-0.44756260442203694,-0.1485366635665838,0.6467416453627948,0.21828840292495483,0.9557727071170288,0.3120370886462781,0.10430644228577114,0.02975188172123118,-0.8738466755146178,-0.2782543850697705,-0.7908299714842086,-0.24303307318362177,0.611384743847704,0.19872055620642579,0.9672635402212012,0.30307779130193474,-0.26411752294692203,-0.08165136379006845,-0.9916782374764825,-0.285471166613603,-0.5022083681067361,-0.13732389996748925,0.6036813502031603,0.1702836017621813,0.6685460855161879,0.17475884680950904,-0.4277617458073417,-0.11653423945868104,-0.9992666014031029,-0.25512377297723415,-0.3442092974048936,-0.08068077029927824,0.7333089790702035,0.18293965607463167,0.9105484427657626,0.21445896845030918,-0.029473102156504,-0.013044398815536842,-0.9334229391519344,-0.21371374767977094,-0.6924094443963108,-0.14801182488463682,0.39816584741543737,0.09135737527297196,1.0,0.20797801460668588,-0.0727807164027846,-0.01917897171993911,-0.949045561530797,-0.1652411956643996,-0.6567023615668552,-0.10351759353513489,0.4438094748668889,0.0731287470556871,0.9978858154047048,0.14486399217012713,0.3235126167549137,0.04028567467844975,-0.749457267902789,-0.09547951948545016,-0.8998718348387791,-0.1009262796431186,0.05826723033564269,0.007564102847091241,0.9442840057651737,0.08369146120657646,0.1401301604547791,0.009217982524034312,-1.0,0.0011651438795108916,-0.4055753987626226,0.010317942321270167,0.6946551612991179,-0.024418751230663272,0.9283272152032782,-0.05878051902582251,0.0017595048150411605,-0.01163073180002223,-0.9274742719067931,0.08968347776963262,0.6693331220627088,0.041926281168834775,0.938236337355821,0.04504180703781601,0.026181407213010394,0.0009893028826294655,-0.9191452538580774,-0.015214351867873465,-0.7058398501354202,0.0009809487149542873,0.39854903960918486,-0.005198355660674823,0.9999999999999999,-0.03666323665394368,0.3364483710067305,-0.025047649781219917,-0.753247429162782,0.050085797474028144,-0.8876455218133484,0.09182104833911092,0.6392660407176807,-0.08385791848803613,0.9464274909971617,-0.22918743139495878,0.03298759232915848,-0.09206135917460825,-0.9237007071931694,0.20263092630359492,-0.14666239793243654,0.1765530722688362,0.8756079797899017,-0.19452688548045877,0.757907994390702,-0.3708453677543205,-0.34925619676451175,-0.08606820649490562,-1.0,0.354534962891037,-0.3404417974348457,0.39578547325515157,0.7668179711904018,-0.07048368138703817,0.32882194627103645,-0.6263848440301205,-0.7816978997407286,-0.1405873040136251,-0.847768434350808,0.5701895918806004,0.22000159135096742,0.6308890779337686,0.9936968375915183,-0.0944065147492323,0.4361884100480908,-0.7663451827546958,-0.9453568301081788,0.03523832120107955,-0.6188649968582327,0.6894796574926907,0.5391364447830286,0.5333300640956679,0.9727735678974683,-0.3073831534889897,0.09828696087137222,-0.834430566635735,-0.9081565061676105,-0.3608928518016091,0.008223669562123222,0.9278990518317332,0.8407803085228488,0.7121976672736209,0.030846657590056566,-0.8142310863035517,-0.7309999502085274,-0.8555982551264454,-0.48326975718853543,0.1379082163048675,0.35510579841091156,0.9647806041670621,0.6521926902809522,0.6208796676882156,0.09077252225322724,-0.4787742005124157,-0.7520921211495373,-0.6261489998827371,-0.20958356512995147,0.47368387232902953,0.5441643027065037,0.9959140828930662,0.6549531662825826,0.7780144135699917
75,0.04572194369425663,0.033434569508936404,-0.8023439041280113,-0.8973292831371162,-0.7384110820767472,-0.7722220481659128,0.23762701153365148,0.2617122698234392,0.9849342669738858,0.9992474153299105,0.4644897134594964,0.4397357969481191,-0.6213306196934041,-0.5996703981831143,-0.9683715945885665,-0.886606834589252,-0.162351059728722,-0.13581433050069752,0.8370305175736903,0.7312640016429119,0.8390717610251417,0.7087075161530707,-0.1587881067084853,-0.13456062658932538,-0.9937350432634677,-0.791327748342129,0.05104532191302638,0.03835534320609483,0.9351474504458811,0.7122392316638766,0.7007464599896361,0.5278722605579619,-0.371487847212548,-0.2728697505912057,-1.0,-0.7312105701015432,-0.4338415665099282,-0.3155785781639652,0.6496081205588139,0.4627989481905673,0.9579956117214146,0.6779989800323305,0.1246580848230884,0.08824381775684695,-0.8571240831262982,-0.59430782502593,-0.8182246610900292,-0.562047494765504,0.19438227369040936,0.1333100448498379,0.9755862384520272,0.6585157940174134,0.5968315898852546,0.39709732239346274,-0.491421612570812,-0.327954233002215,-0.9957527553230858,-0.6528426332256532,-0.3167152817969256,-0.20206143149242872,0.7385160314633337,0.4778142245925545,0.9162095469220668,0.5814053984865356,0.005780562357445634,-0.0009847941666726392,-0.9115280714419852,-0.5697887542245469,-0.2623326994801582,-0.15636873816537233,0.7756463507742906,0.4722973918832399,0.8917600814194614,0.5318147841098252,-0.052382392875404124,-0.03437636992826417,-0.9342564982688772,-0.5465829835222967,-0.7049514396644504,-0.40497257434529454,0.36317903076229635,0.2083586289108724,0.982109662756845,0.5629141428336278,0.22151198215262258,0.12422864495943685,-0.8040045870648376,-0.45031137213879735,-0.8679717866208012,-0.47990021654613446,0.1071616868671307,0.057636199361331686,0.9539698317855021,0.5141732487976756,0.6584291003074614,0.35275327439785803,-0.42538531136267516,-0.22128998770481087,-0.9586495933340496,-0.4905291033085076,-0.12028042697642803,-0.06600538632397064,0.8632620971506013,0.4277719936059171,0.8069897730657342,0.4020136253201071,-0.22076442844459201,-0.10139571363846231,-0.9828774057665653,-0.47388119869189566,-0.015215371809958947,-0.0143574267722703,0.911237963162256,0.4268861915367531,0.740954003102317,0.3510851558272719,-0.32157521558712937,-0.1421492626110554,-0.9967001243948919,-0.4567795684488523,-0.47249547181640456,-0.22089394017827987,0.6203689477898895,0.27456280658517074,0.9667480071374732,0.43370156128397064,0.15007468320974063,0.07231940493129722,-0.8469097331896712,-0.3691623077215268,-0.8256739976086857,-0.3624869479645338,0.18861815621151992,0.0769427377864003,0.9758230895065771,0.41678290849868804,0.5903066589141944,0.2533244255588439,-0.7558641597327906,-0.32125262733225407,-0.9010344680820572,-0.38446785532054784,0.04234155439012652,0.014662418192935624,0.9342383184089891,0.3889876038967483,0.698200768529653,0.2902681567507488,-0.3810067709413422,-0.15455996310268386,-1.0,-0.4056097395567931,0.48530261037946126,0.18951761833961833,0.9953033486162562,0.38283483528281664,0.29765227177241826,0.11172967813149276,-0.7606055605843675,-0.28663125110871657,-0.8964958398468708,-0.33109893997950507,0.05552286909638124,0.022723345900635784,0.9398153903266929,0.3395001055708471,0.6838946143134822,0.2406676192491124,-0.4022567328630255,-0.1435509309790158,-0.9999999999999999,-0.3442786752737298,-0.3840883775379875,-0.1269294093129551,0.6984116062254722,0.23533805994801343,0.9328816980145513,0.30429088908288643,0.03467638876115593,0.007316018964638009,-0.9056606849258717,-0.2880687280276953,-0.7461555586570809,-0.22894535005368818,0.6650973734959166,0.21573543272693535,0.9471399119404958,0.2964843999626714,-0.33077252256106243,-0.10109510413645068,-0.9982708563714443,-0.28705034021012726,-0.4406630750601153,-0.11984613414791075,0.6578325778070813,0.18500056725542371,0.6150416651703018,0.16024256096046094,-0.4897774013891709,-0.13257043521568418,-0.9936648763700975,-0.2533125580723317,-0.2778370441346144,-0.06397741251081383,0.7789705308017705,0.19377500558312843,0.8794883194399352,0.20668176516080236,-0.09912850557042631,-0.029206261714980603,-0.9562088986071472,-0.2184564111962328,-0.6403457280797539,-0.13623069979572758,0.46120903069498054,0.10467520360460883,0.996714430279353,0.20683583391643706,-0.1422105316997552,-0.03163989762450944,-0.9687993217370993,-0.16825644540453702,-0.602482899348542,-0.09440049806613046,0.5052400550369593,0.0824824938716686,0.9909100314238891,0.14354822221650793,0.2567107543099601,0.031165231856454763,-0.7938491584951906,-0.10085069136658496,-0.8671649551843112,-0.09707483157687037,0.1277823516514501,0.014586299087095073,0.9649619376928448,0.0854485383464051,0.07067982437863486,0.004534318250818457,-0.9996847117883727,0.0012336846686809,-0.34078316888477633,0.00907870975754974,0.7431990066920046,-0.026576247569124006,0.9000295083510634,-0.057550477483712954,-0.06803948858996088,-0.005911316404695056,-0.9514051997533945,0.09325525535285623,0.7195291029133396,0.04506000046584933,0.911813618611247,0.043783893518617056,-0.043617586191992526,-0.001286397162231868,-0.9444014247179279,-0.015617472289962207,-0.6546883732204245,0.001003146727814603,0.4615804897757559,-0.0064064131144675905,0.9952626153666091,-0.03677492848055198,0.26990818984784803,-0.02148716521808464,-0.7973150014250511,0.05396270352941506,-0.8533509158632758,0.08943220399375654,0.6913912297684202,-0.09663606287486515,0.921554689130081,-0.22818964629795285,-0.03681140107584266,-0.07524719655185381,-0.9482320527892016,0.2157648631725803,-0.07727649583801874,0.15733747740128268,0.907186628231389,-0.2143110028038472,0.7105467680372605,-0.36499807365134407,-0.4137969639348609,-0.05817453410192101,-0.997286598170298,0.3712174834550897,-0.27398240050726685,0.37792649427581826,0.8097243328266623,-0.10435472473164271,0.2621274878590377,-0.6160669083546203,-0.8233310085392086,-0.09452716000338623,-0.8087067941311237,0.5973344165510183,0.2875313301281198,0.6031832562879886,0.9992826210368358,-0.1472511507313547,0.3723549115391278,-0.7804559254930796,-0.9658265372520601,0.08425686924684306,-0.5625632124453871,0.7057990607865774,0.5965975563328414,0.49344355688263314,0.9541371124420494,-0.35824381690742524,0.028627437464075197,-0.8333781126648238,-0.935161113759855,-0.30483975319186196,0.07299387256553036,0.9517571441579313,0.8583795323998549,0.6614899595951241,-0.026743170535990898,-0.8527488737749086,-0.7490833961132135,-0.8173916136699496,-0.4425846001643554,0.20670188894043384,0.3966559851343656,0.9808018932098815,0.6417658351413448,0.564682774655346,0.0474037488881778,-0.5388736550909297,-0.7484249649734722,-0.5702264482048987,-0.16149283426604927,0.5340007341555616,0.5706347872639468,0.9869761724832109,0.6539946980074415,0.7322757064492216
76,-0.014690795096329198,-0.03636442389606475,-0.8294180799370215,-0.9260053399638953,-0.6959482206897445,-0.7260159169758963,0.30320060385703207,0.32841496125838043,0.9869752695762531,1.0,0.40155015564905266,0.37763186361792356,-0.6744769741368262,-0.6493661088602196,-0.9485148232344154,-0.8675843573316652,-0.09311991057324162,-0.07393379886967999,0.8731867855351212,0.7622732236811037,0.7990604636995847,0.6745081171087997,-0.2272808011332256,-0.19126592862374292,-0.9993017705199891,-0.7957410601263959,0.1205956276407251,0.09225590068741746,0.957598699010474,0.7294773706317274,0.649239469569446,0.4892982111449685,-0.4353478947062307,-0.32023936971656686,-0.9999276793872472,-0.7313292124919444,-0.36993393929666935,-0.2694578913233673,0.7010910583596487,0.4996863042828799,0.9356399531470526,0.6622865841295362,0.055127667874557425,0.0395599683748441,-0.8909882852325768,-0.6178164301389979,-0.7761137227674445,-0.5330944405254021,0.2623504560961135,0.1795693102423392,0.9885535296022119,0.6671501730742688,0.5393826630069564,0.3586051809475092,-0.5509808978417524,-0.3672905735060726,-0.9866543033149544,-0.6466372961118516,-0.2497759140067844,-0.15850121321913768,0.7837887679434046,0.50670544668739,0.8860225903510975,0.5619081771750195,-0.0640184310475564,-0.04493654003773586,-0.937996224040683,-0.5859778457973861,-0.19436425150131117,-0.11466355191304015,0.8177972814069561,0.49758346605245646,0.8579952533949821,0.5113760241039729,-0.12192618452777602,-0.07546614402379405,-0.9568806719965072,-0.5596041768821435,-0.6537379525928508,-0.37532728347968636,0.42729348918515087,0.24483366770795395,0.9665143697794004,0.5538348327887411,0.15293300758357686,0.08535712176859592,-0.843529147810153,-0.47239705924877806,-0.8311440515836012,-0.45954969856649375,0.17625568085842178,0.09537684001698726,0.9726473890490293,0.5243597164779097,0.6043138865930436,0.32401173901500685,-0.48748760807335656,-0.2541001932553895,-0.9364514356263514,-0.4795211108653363,-0.0507285781047343,-0.030948056444221054,0.8964261381865759,0.4446781622758149,0.7638275233603201,0.3810521688666212,-0.28827904154136713,-0.13448821034991415,-0.9934341323273004,-0.4794577250121491,0.0545836215950422,0.018896246067597728,0.9377522753404559,0.43985751717402727,0.6922534587186796,0.3286871577100888,-0.3868495881806932,-0.17254923346094442,-0.9999999999999999,-0.4587814093157677,-0.40982590311648437,-0.19260026003808958,0.6735700556771054,0.29884443741034794,0.9465002210732573,0.425068234726869,0.08072243989272568,0.04163470764405585,-0.8819390825497321,-0.38488304624624087,-0.7842601354171366,-0.34473239206294515,0.25667127806526197,0.10639940613746579,0.9887120742977877,0.4225806874562652,0.5325180194617035,0.22894936806907445,-0.7997078223430274,-0.34027214311989,-0.8685069125785134,-0.37087367829250945,0.11193426399829715,0.04399025499488852,0.9568660206708277,0.3986077022389418,0.6465160914080355,0.26899529307790054,-0.44457535475363796,-0.180646059727185,-0.998725724340267,-0.4051715696427762,0.5451232374301659,0.2127826909791966,0.9857576793655969,0.37908730412345143,0.2303272725855661,0.08611388940346548,-0.8040435087404709,-0.30283344621308567,-0.8633407733803613,-0.31868670118404935,0.12505136066428588,0.048112131688545154,0.9613606371037946,0.34708263884267637,0.6313168316380764,0.22186580472115255,-0.4651746557069713,-0.16545951053284905,-0.9968843836966339,-0.3429746551698129,-0.318742910687,-0.10470376773605272,0.7466789759467083,0.25124117359910436,0.9054457830522874,0.29506221489509615,-0.035122604643846984,-0.015155486700947794,-0.9330624065168597,-0.2964796290992362,-0.6978459509514692,-0.21374222819179875,0.7155697155958114,0.23169926790484918,0.9224019132149869,0.28844656642929734,-0.39581603169442475,-0.12004631929752448,-1.0,-0.28723103340334716,-0.37697091580710074,-0.10178449000965535,0.7087789112170256,0.19881622858118972,0.558540823655478,0.14494558946193903,-0.5494069107036844,-0.14796076113825007,-0.9832221159422608,-0.2502672298473901,-0.210111196713395,-0.0469623631995842,0.820837016409115,0.20366630274261968,0.844143417427654,0.19789762908701072,-0.1683009648695703,-0.04522583464315173,-0.9743363044261277,-0.22213477703650825,-0.5851623117433186,-0.12378587243127527,0.5220052499375457,0.11748306486619838,0.9885729680437692,0.20468596983441267,-0.21094751158123723,-0.043946677128284845,-0.9838331890312659,-0.17045196665574228,-0.5453282010059707,-0.08482349285965247,0.5642091564454423,0.09143439426861863,0.9791066333759044,0.14153309975366674,0.1886582228744831,0.021892955157573276,-0.8343734957848405,-0.10573052881685768,-0.830233335035302,-0.09275044468910758,0.19667493019464874,0.021537432344156233,0.9809386720577111,0.08678931879666711,0.0008851433028308037,-0.0001714367651271893,-0.994499060148868,0.0012962150701546443,-0.2743306776635278,0.007795246632479309,0.7881220612303907,-0.02860426710086298,0.8673469482048131,-0.05604005580025654,-0.1375070004458581,-0.00016310167004779868,-0.9707009771017142,0.0963727027059863,0.7662196103013891,0.047974191970009655,0.8809486355719833,0.042312669271336985,-0.1132040791014907,-0.003555830009426941,-0.9650565667674523,-0.01594450595691709,-0.600347320360143,0.001020457510652963,0.5223631661940495,-0.007583259167537125,0.9856764113146003,-0.03670745655220591,0.2020530431191049,-0.01782199734588915,-0.8374981351462,0.05757670871751858,-0.8148988700296514,0.08660765494023828,0.7401480302461311,-0.10894340607719122,0.8921921654519119,-0.22608014418172637,-0.10643105303507316,-0.05806643715132006,-0.9681437071399968,0.2278476153167968,-0.007514110423684244,0.137355350159338,0.9343455546102137,-0.23305101846404191,0.6597238292538528,-0.35737254562301646,-0.4763217538916463,-0.02999744122647486,-0.9897145162812081,0.3860914697544005,-0.20618818886502951,0.35822629540541107,0.8486857989065966,-0.13771736234705453,0.19415597067515278,-0.6027475566284449,-0.8609529314250299,-0.04800648917144659,-0.7657052157013563,0.6215690879878446,0.3536602451674345,0.5725387864493435,1.0,-0.1993783939087472,0.30670733733013267,-0.7907643654136162,-0.9815908345909928,0.13286492629510557,-0.5035206766101641,0.7186798820029855,0.6511521045579772,0.45115304226123903,0.9308521968843393,-0.4073591524604317,-0.041171555940926856,-0.8282655242998845,-0.9576097104079284,-0.2473015059469475,0.13740845675911664,0.9709783713480857,0.8717968174790178,0.6075595393262182,-0.08420270862340112,-0.887112154451251,-0.7635173830096357,-0.7752027224355716,-0.3997432154566232,0.27448853075068375,0.43627370376996516,0.9920448140188441,0.6282123613630048,0.5057348039060694,0.003804029223553324,-0.5963477713892309,-0.7411115575994706,-0.5115258105903667,-0.11261532654680584,0.5917159980828539,0.5943251964978481,0.9732298133715155,0.6498500333029255,0.6829694256947286
77,-0.0750319618099208,-0.10598625348318516,-0.8524514142333935,-0.9501699918561025,-0.6500947695280119,-0.676272709217238,0.3672970333160377,0.3935176480142257,0.9842078278756523,0.9958806851897383,0.33665428584396884,0.3136881458076054,-0.7243373445604419,-0.695898173129011,-0.9240369830058429,-0.844335096294433,-0.023435090573829094,-0.011693069202368856,0.9050889752498535,0.7895687271969574,0.7551562241161595,0.6370225823192924,-0.294666206341031,-0.24703940227988946,-0.9999999999999999,-0.7962776014533387,0.18955840359278833,0.14570699669411621,0.9753846229709726,0.7431615691766691,0.5945694497148353,0.44834035003135897,-0.49708697101792043,-0.3660488148230167,-0.9949838116328987,-0.7278848924720401,-0.30422403111678503,-0.22202443272205213,0.7491583509975823,0.534139238929017,0.9087259507711574,0.6433475945616771,-0.014671325530444625,-0.009316613196526885,-0.9205116819750323,-0.6383150957071195,-0.7302216364022166,-0.5015442037575271,0.32904049345109304,0.22495373200558366,0.9967046873252278,0.6725342635496072,0.4793059180130441,0.31836595110684607,-0.6078558595628125,-0.40483751125572703,-0.9727489707192161,-0.6372816070911468,-0.18161966307098926,-0.11416879296752923,0.8252429643322268,0.533128050779818,0.8515190207826171,0.5396733957071191,-0.13350553309160493,-0.08866935960273932,-0.9598945533229053,-0.5993121122077875,-0.12544888042657604,-0.07239973636172753,0.8559639858893033,0.5204453635919811,0.8200503587413437,0.4884458915120243,-0.1908759640651076,-0.11618825465147083,-0.9748430192754785,-0.5698990349434352,-0.5993395199297267,-0.3438534358167309,0.48932621668008663,0.2801159014865565,0.9462103159460754,0.5420572951097902,0.08360895877435612,0.04606974726056624,-0.8789441193385907,-0.4921812753712851,-0.7902670662733938,-0.4369603006492134,0.24449097488972965,0.13265281429532838,0.9865863060032831,0.5319915563279175,0.5472545163685639,0.29369165100922073,-0.5472149141595891,-0.28567244820649096,-0.9096909806560506,-0.46617693977132213,0.01907041530026685,0.004260049255637018,0.9252228811857458,0.45941790363799795,0.716943982740769,0.35823426454964724,-0.35438918812546233,-0.16692549401924972,-0.9991509476549868,-0.4826983814910655,0.12411668908235876,0.05205785829606843,0.9596979526957263,0.4506859012019526,0.6401803250692388,0.30468782880005973,-0.4502392684666269,-0.20210856179000003,-0.9984279761247564,-0.4585481132730428,-0.34515970381213473,-0.16336825079110415,0.7234895979600876,0.32167012817619917,0.9216411810738426,0.41436401845788756,0.010976924962746382,0.010747170246279603,-0.9126717133518182,-0.39872867325795214,-0.7390254366793882,-0.3252983345996038,0.3234739232527768,0.13533770727706043,0.9967841532480096,0.42631969578221757,0.4721350057469177,0.20345889227198183,-0.839655388829157,-0.3576338872302816,-0.831748078698896,-0.3554726419839209,0.18098164112386267,0.07310377569639127,0.9748319678637942,0.406285823923733,0.5916816528766484,0.24641191137648902,-0.5059780121261308,-0.2058520669071731,-0.9925857573431067,-0.4027594445691634,0.6022880788637068,0.23501110773716558,0.9714094977890838,0.3734928977241193,0.16188014207909515,0.06007856246240308,-0.8435642377441628,-0.3175602672082165,-0.8259795974486528,-0.3047218528146998,0.19397061457315118,0.07326652000708185,0.9782222314925595,0.35297422038668885,0.5756633368186771,0.20198308229446443,-0.5258262943875042,-0.18656198798329757,-0.9889120468823654,-0.3399996970216005,-0.2518445604150708,-0.08196801992752621,0.7913086007530401,0.26592026550709497,0.8735986272500847,0.28439602725588703,-0.10475048424953519,-0.03755315635875021,-0.9559183418544033,-0.3034461112198339,-0.6461365079200514,-0.1974977756794525,0.7625558739701397,0.24653428753985954,0.8931700650878113,0.27900345021882744,-0.45893116490866015,-0.13841268085799546,-0.9968572441482041,-0.2860123658741883,-0.3114421921452579,-0.08322696206741409,0.7562721450177274,0.21166327722624553,0.49931882739213174,0.12894245762143863,-0.6063597647754405,-0.1626302371055145,-0.967989196198695,-0.24600262483540594,-0.14136170866209163,-0.029718517975486435,0.8587044665827627,0.21256535814761401,0.804685933538664,0.18814935565690705,-0.23665347878542525,-0.06102507185102683,-0.9877168417098872,-0.2247309245719715,-0.5271280434443796,-0.11073797273925015,0.5802583120741995,0.1297185604451162,0.9756152776788833,0.20153889628231675,-0.27865677639066433,-0.05603935283859548,-0.9940739199230384,-0.17181706305917255,-0.4855167184842971,-0.07483323612238994,0.6204294875578293,0.0999408354876451,0.9625331262295669,0.13882844225568308,0.1196865675410199,0.012514018181836253,-0.8708328492739584,-0.11009525775873036,-0.7892569015327627,-0.08797418695806146,0.2646093282476356,0.02838363739577197,0.992136371815923,0.0877072704097836,-0.06891385010217212,-0.004876356558386019,-0.9844683090550144,0.001352430442101677,-0.2065416749563275,0.006473805849390891,0.8292054643082151,-0.030492929518577433,0.830438760912318,-0.054256612598067945,-0.20630459201773846,0.00558590767954101,-0.9852675968641149,0.09902063193888293,0.809177172768176,0.05065465803324101,0.8457917593328601,0.04063530195262164,-0.18223905311684244,-0.005807939210246926,-0.9810100502308325,-0.016193859593586005,-0.5430814357017681,0.0010327967270754518,0.5806009417744075,-0.008723160344208905,0.971288090866513,-0.036461149585358114,0.13321351427458464,-0.014070002494085203,-0.8736010621379346,0.060910205968340854,-0.7724767188145915,0.08336116209762229,0.7852989039199029,-0.12071998795606208,0.858482971226504,-0.22286920232854304,-0.17553218360232706,-0.040602783905803366,-0.9833386626670714,0.23882031678235233,0.06228488298131692,0.11670404145832906,0.9569524433670643,-0.25065563298848587,0.6056867822895277,-0.3480059344753759,-0.5365259521431652,-0.0016742038327062848,-0.9773206447545516,0.3990844572228467,-0.13738944909260595,0.33678085403256997,0.8835125530838561,-0.17040905481641316,0.1252385451186284,-0.5864916793943485,-0.8943803781716338,-0.001251935549860261,-0.7189731984291111,0.6427755373079006,0.418066163042097,0.5391049651945147,0.9958454794828122,-0.25053428559246366,0.23956551580377725,-0.7972202808332137,-0.9925729200529644,0.18082567877799524,-0.44202503865221615,0.7280593670757245,0.7025343051832872,0.40666455536769336,0.903032262992345,-0.4544898751702486,-0.11076996566393503,-0.8191177095575155,-0.9753929288054854,-0.18855843062372138,0.2011536007636239,0.9854690895154373,0.8809667960961325,0.5506691500533863,-0.14125201957842554,-0.917153513883308,-0.7742315899645337,-0.7292371214605937,-0.35495432198523275,0.34093789203060854,0.4737659407748769,0.9984545922139029,0.6115983001077899,0.44432294402844713,-0.03981422328906861,-0.6509165412899938,-0.7301875292131176,-0.45033307064503303,-0.06318916827668061,0.646548481146569,0.6151201131157717,0.9547419764377927,0.6425393645588544,0.6303357865500963
78,-0.13500758034775937,-0.1750917286970338,-0.8713316909277361,-0.9697055110587395,-0.6010741219964366,-0.6232347687979684,0.4296040285492963,0.45670315634520137,0.9766454245698662,0.9869095397868084,0.2701182701986238,0.24821617088273468,-0.7706688162514931,-0.7390398914497566,-0.8950573274799388,-0.8169723195403217,0.04636390283117206,0.05060462792271301,0.9325816624563942,0.8130175312410783,0.7075729393168796,0.5964335375420127,-0.36061602741128473,-0.3016093248004409,-0.9958263299996593,-0.7929347583475453,0.2575976700568916,0.19844822285934274,0.9884185710936759,0.7532251592589214,0.5370027472671275,0.4051982197994132,-0.5564042895738184,-0.410074906898747,-0.9851924827636979,-0.7208943904227458,-0.23703197403779408,-0.17350929340233545,0.7935758194545892,0.5659899008945806,0.8773847269079188,0.621274280182188,-0.08439884171221795,-0.05814780516490707,-0.9455504383324155,-0.6557039542921645,-0.6807719836260594,-0.46755049404399235,0.39412747859701186,0.2692422017987659,0.9999999999999999,0.6746418346958396,0.41689404276623543,0.2765756743544245,-0.6617694086375399,-0.44041212134466784,-0.9541045029185189,-0.6248211461400172,-0.11257857939305697,-0.06928015383278995,0.8626766599519546,0.5569533085986905,0.812866936139277,0.5148093797031141,-0.20234220959835872,-0.13197019096077112,-0.9771163728296011,-0.6097265902501551,-0.05592233501648174,-0.029783196572457697,0.8899605198735959,0.5407717036350701,0.7781102611710917,0.46313609963503877,-0.258895815092297,-0.15634430778168762,-0.9880560293554173,-0.5774174021925333,-0.5420211653709042,-0.3107043687785037,0.5489749960342548,0.3140334387502677,0.9212964205661898,0.5276389087764732,0.013877575522330743,0.006557925574798403,-0.9100769634687649,-0.5095676337940721,-0.7455399792536702,-0.4122420760702636,0.31153513346751993,0.16928251739663502,0.9957186736459975,0.5370315867911001,0.48752897715016913,0.26194072680149927,-0.6042762441898855,-0.3158529357056235,-0.8784986026698118,-0.4505616014866858,0.08877649955887654,0.03944740042374028,0.9495120313108573,0.47191940715418246,0.6665675631042625,0.3336710789053703,-0.41877278620808517,-0.19854953346101462,-1.0000000000000002,-0.48358737997602896,0.19304507253663206,0.08496584987175831,0.9769680780939638,0.45931858882201043,0.5849882972267629,0.2792040914152303,-0.5114354282944825,-0.23068323752189632,-0.9919917115114624,-0.45608081691554675,-0.27881192112614617,-0.13334032784798364,0.7698843716467278,0.3429286744117442,0.8922919978832837,0.4016410623427048,-0.05882206844225476,-0.020192726284634744,-0.938957899307893,-0.4106317342536164,-0.6901902803007163,-0.30427945634896836,0.3887006360016873,0.16361665671089712,0.9999999999999999,0.42798171740382485,0.4094517977429793,0.17697718520335715,-0.8755122386627756,-0.37325327499131994,-0.7909370517868829,-0.3383397786955726,0.24914729388608195,0.10186114215106708,0.9880486316990948,0.41198456191407606,0.5339646008080788,0.2226280356120906,-0.564915595484277,-0.23005518350936685,-0.9816100123105425,-0.39838511596684745,0.6565186333188083,0.2560945740014724,0.9523287067850836,0.3660788714704502,0.09264434779254992,0.033750538804099846,-0.8789752065763446,-0.3307399665025551,-0.7845943319453544,-0.289272430208971,0.26194486314567406,0.09806396120486889,0.9903180255000474,0.357146147009822,0.5172052680877736,0.18111631859410615,-0.5839161602176552,-0.20675555418143693,-0.9761218299807779,-0.33536829452614886,-0.18371924876012774,-0.05883293216530994,0.832083049598565,0.27930382061174636,0.8374953867497468,0.27234429075927613,-0.17386803002544154,-0.05976787081360259,-0.9741171391190073,-0.30893423438886486,-0.5912791527714633,-0.18029113385640336,0.8058269367783333,0.2601682169075154,0.8595867821846689,0.2682010572442202,-0.5198104316190584,-0.1561047097505194,-0.9888579000066581,-0.28340027484835306,-0.2443961534293431,-0.06426396073192536,0.8000808969481127,0.22347912366097322,0.43766419999308503,0.11231113108865709,-0.6603584950242798,-0.17650739490513473,-0.948040330393183,-0.2405395197633212,-0.07192352057581586,-0.012329887119107085,0.8923883949118899,0.2204288164947082,0.7613081006682217,0.17748443747875028,-0.3038530407409604,-0.07652700104306209,-0.9962853218257859,-0.2262322056327937,-0.4665256603045068,-0.09715056877538186,0.6356844140417897,0.14132208023680956,0.9579044877496511,0.19740994548615248,-0.3450084533959974,-0.06785901045493252,-0.9994716226009069,-0.17234508400236936,-0.42333984731413954,-0.06447839938094999,0.673627148572188,0.10796037500219331,0.9412702544457308,0.13544742654201603,0.050131811281349435,0.0030741141674221523,-0.9030495926572246,-0.11392361367153901,-0.7444352877417832,-0.08276932783129012,0.33125457625183496,0.035091560219108586,0.9985004828998466,0.08819792101776758,-0.1383771021566715,-0.00955751923266192,-0.969641327317853,0.0014020569088806227,-0.13774642197023657,0.00512082533494893,0.866249061715371,-0.03223303344881594,0.7894847594520716,-0.052208836633157236,-0.27409708835497265,0.011307703048408571,-0.9950340919333464,0.10118614260649245,0.848192505387441,0.053088339694322806,0.8065142706609583,0.03875996352743939,-0.2503861767840127,-0.008031752715046537,-0.9921841513402732,-0.016364318374116036,-0.483169712879011,0.0010401042616599927,0.6360100879282418,-0.009820563160532713,0.9521677524732619,-0.03603720756279241,0.06372498257909599,-0.010249460004441973,-0.9054478925690052,0.06394695481835788,-0.7262911386745553,0.07970854205270138,0.8266238802717459,-0.1319084341883415,0.8205913342596873,-0.21857246412434908,-0.24377813901550385,-0.022941317978475158,-0.9937428910744884,0.24862950967067826,0.13178043069728765,0.0954841623983844,0.9748971560123536,-0.267039078464826,0.5486988902053113,-0.3369438733964059,-0.594116249887243,0.02665719011384485,-0.9601653652865787,0.4101331453315322,-0.06792136173454408,0.3136946501919758,0.914034922912862,-0.20227053150016377,0.055710969959221424,-0.5673784736521805,-0.9234504936185869,0.04550871737588086,-0.6687384160050523,0.6608504488217635,0.48043530459428224,0.5030446787398999,0.9868392998916222,-0.30046959942039064,0.17125655516546898,-0.7997922191808943,-0.9987192900215185,0.22790546673041098,-0.37837589913815783,0.7338918200963419,0.7504938292922451,0.36019483963817517,0.8708128466875378,-0.4994063688933984,-0.17982871524878477,-0.8059792356716071,-0.9884241309000565,-0.12889671758032373,0.26391874464509846,0.9951587013376758,0.8858447930371395,0.4910959560345644,-0.19761316489266575,-0.9427265935876745,-0.7811738184386116,-0.6797187505325191,-0.308436126737015,0.40572623817151565,0.5089500377391187,1.0,0.5920045934120964,0.38074638743070527,-0.08323850490793741,-0.7023141112314922,-0.7157061005826324,-0.3869463532468404,-0.01345515873046441,0.6982310450009644,0.6329182263742527,0.9316027325651931,0.6320983086184839,0.574631214814525
79,-0.1943254555250582,-0.2433441746088304,-0.8859669272098342,-0.9845167224859558,-0.5491251017622528,-0.5671604912324537,0.4898180361391086,0.5176636528061039,0.9643249029276305,0.9731302703098373,0.20226626549306284,0.1815349117239239,-0.8132456669371255,-0.7785810817073892,-0.8617170426253996,-0.7856293357671794,0.11593701596206472,0.11265578438731641,0.9555309055462283,0.8325053955972295,0.6565424302822309,0.5529387285231178,-0.42480896344498703,-0.35470983700822795,-0.986801094219673,-0.7857288168046063,0.3243819465661066,0.2502226292307415,0.9966370432934982,0.7596191120791925,0.4768198214140617,0.36008200457098727,-0.6130108623604764,-0.45210315524865213,-0.9706013951496744,-0.7103917633673624,-0.16868512100765995,-0.12414883424625577,0.8341270662891762,0.5950831169560918,0.8417689728495885,0.596174179959923,-0.1537151752209121,-0.106695706871522,-0.9659825680006416,-0.6698982891230297,-0.6280056781766367,-0.43127892532148665,0.45729431428476164,0.31221895064891597,0.9984234131944206,0.6734626186381941,0.3524511016491114,0.23343794871783716,-0.7124588836742151,-0.47384108784849005,-0.930811733885852,-0.6093166193716956,-0.0429890241926792,-0.02405398875259288,0.8959074816003517,0.5780651458828214,0.7702546454921644,0.487437264149653,-0.2701930951993196,-0.1746280768140403,-0.9895777795872651,-0.6171705416343266,0.013876658388519408,0.012978443956716691,0.9196212556635831,0.5584634582962307,0.7323792886237839,0.4355699552349089,-0.32565435173247315,-0.1957386671600669,-0.9964553297793814,-0.5821226498999438,-0.4820621381781702,-0.2760415812874807,0.6059492243905178,0.3464210366669185,0.8918940616336978,0.510649918717675,-0.0559214178826713,-0.03298584566516998,-0.9367760041135363,-0.5244714299265743,-0.6971806963964383,-0.3855154495351293,0.3770615241904585,0.2050874930894044,1.0,0.5394552533456629,0.4254282457613393,0.22891365370298983,-0.6583936011001257,-0.3444946194514251,-0.8430262677977365,-0.4327511723698984,0.15805007363541967,0.07444256782221967,0.9691752542640379,0.48212176675588503,0.6129436933034486,0.307482281305166,-0.48111616537119717,-0.2292062595338876,-0.9959771528646619,-0.4821203893557828,0.26103295980233143,0.11745989636761037,0.9894785132202154,0.4657135224478707,0.5269462652030155,0.25236009976252227,-0.5701399261249971,-0.25813404770878395,-0.9807225629943428,-0.45139154066312165,-0.21110579478650565,-0.10266278423090905,0.8125283460632121,0.36251650661662504,0.8585956577719148,0.38696135134460613,-0.12833448664258065,-0.05103424588285689,-0.9606695767622582,-0.42053423871655465,-0.6379925862541036,-0.28177815917306476,0.4520336383240491,0.19109848223992995,0.9983439472716388,0.4275586551188124,0.3447737817383879,0.14963326307810615,-0.9071036808758126,-0.38705421031588905,-0.7462726590632776,-0.3195585580152151,0.3160991260766884,0.1301222513602305,0.9964516219190589,0.4156761525313172,0.47364612687830554,0.1977595384366819,-0.6211009668463424,-0.2531374943825697,-0.965851961969095,-0.3920698951250729,0.7075506949854028,0.2759303732437806,0.9286082660493734,0.3568813457530965,0.02295719955613486,0.00725808591333465,-0.9101038965563663,-0.3423083339259586,-0.7393866017239634,-0.27241370140082666,0.3286429426755569,0.12238364464102072,0.9975890896337192,0.3595780935049285,0.4562274272800366,0.1593671743953055,-0.6391612452102746,-0.22594182810260047,-0.9585760456429471,-0.329103011410869,-0.11469887539261965,-0.035411216271449934,0.8688036734671419,0.2913266355778995,0.7973119529099056,0.25896572025403825,-0.24213850823621894,-0.08169140220969785,-0.9875701355997362,-0.312917261021914,-0.5335411450257451,-0.16220613175200727,0.8451720917519837,0.2725346328744158,0.8218156788840831,0.25609201567819484,-0.5781572341577704,-0.1730362121887294,-0.9760409395759281,-0.2794074861707526,-0.17615944122053426,-0.044987871839540956,0.8399917351724179,0.23420620226926772,0.3738773166055227,0.09513263601468663,-0.7111400250643656,-0.18952462641923884,-0.9234727073946765,-0.23390453032989755,-0.0021349283270199193,0.00511881370792108,0.9217246966835745,0.22721836780526738,0.7142212512577467,0.1659548329618703,-0.3695722612252066,-0.09165609837848282,-1.0,-0.22663130612855473,-0.4036504110426258,-0.08308985700598093,0.688013525442943,0.15223709305923527,0.9355268834443247,0.19231923327915795,-0.40967928389651526,-0.0793480657934973,-1.0,-0.17203345702037387,-0.3591005069618402,-0.05380943035907208,0.7235429658314678,0.11545394242186989,0.9154216085983897,0.131406524581364,-0.01966718212365261,-0.006380766622206875,-0.9308667691992925,-0.11719694519010157,-0.6959868600592981,-0.07716122485926835,0.3962859852581307,0.04162852048844918,1.0,0.08825888022017703,-0.20716619487908125,-0.014192118633954766,-0.9500903505020045,0.0014448526953337703,-0.06828008226252856,0.00374289667421866,0.8990723807689012,-0.03381610128014503,0.7446844676025053,-0.0499067044641837,-0.34055421122988605,0.01697440842467091,-0.9999528809271556,0.10285868455851868,0.8830755293804713,0.05526338030083514,0.7633075255329265,0.03669579045608938,-0.3173134441666218,-0.010216436327967406,-0.9985244309983862,-0.016455051840462902,-0.420904035783157,0.0010423445128326415,0.6883206568652002,-0.010870121180297962,0.9284085485015288,-0.035437695887428206,-0.006074010825905146,-0.0063789831759292195,-0.9328834718827843,0.06667216053242536,-0.6765671411134266,0.07566759000317437,0.8639216281708477,-0.14245423578864472,0.7787018587979097,-0.2132108628457685,-0.3108364318398917,-0.005168084256008597,-0.9993057040072768,0.2572274045800396,0.20063395740142378,0.07379909409726924,0.9880922677098705,-0.28212153639355986,0.4890377922830333,-0.3242402556357283,-0.6488120729822282,0.05485871290973344,-0.9383322566744149,0.41918370598260224,0.0018776316704570625,0.28908015754812233,0.9401042064759059,-0.23314656648660903,-0.014088023445780619,-0.545501057019064,-0.9480216510855497,0.09204765640508815,-0.6152456072395664,0.6757057633774219,0.5404638136356735,0.4645336091763377,0.9730253384280995,-0.34894105556304006,0.10211324980504323,-0.7984676502315583,-1.0,0.2738749221578936,-0.312883350277709,0.736148825939998,0.7947970229042677,0.31197029085659783,0.8343509177274694,-0.5418898049874533,-0.24801135740926433,-0.7889141119662555,-0.9966398299849288,-0.06860703268552591,0.3253981029316831,1.0,0.8864070431912768,0.4291301918827343,-0.25301155873155484,-0.9637068040906276,-0.7843102465925743,-0.6268888581769398,-0.2604152616832244,0.4685379268635116,0.5416545812789749,0.9966735083057457,0.5695266998453926,0.31531487270589326,-0.12625725689800107,-0.7502900774194398,-0.6977378237726343,-0.32167447211134054,0.036344402996578797,0.7465118973900543,0.647632825654556,0.9039248138239149,0.6185777332568237,0.516127097562105
80,-0.2526965966165669,-0.3104110721628071,-0.8962858216796503,-0.9945314674044956,-0.49450079923014556,-0.5083230647644276,0.5476456994931896,0.5761021439859052,0.9473062872919318,0.9546100079746294,0.13342883987375534,0.11396923272302131,-0.8518604664806093,-0.8143291031976398,-0.8241785589586837,-0.7504588448413639,0.1849452956051383,0.17415809319450462,0.9738248981138721,0.8479373773491806,0.6023133125226604,0.5067500576000638,-0.4869322729104331,-0.40608223854541897,-0.9729682627015473,-0.7746948834473789,0.3895858668384108,0.3007779761048189,1.0,0.7623122769420602,0.4143138773208259,0.31321150601160813,-0.666630907845352,-0.4919288024714371,-0.9512816351029924,-0.6964281790491831,-0.09951645102414736,-0.07418353444912557,0.870614529902962,0.6212771478893392,0.8020522049698565,0.568169579060113,-0.22228262384732628,-0.1547237978192738,-0.981708527697796,-0.6808289468272276,-0.5721797921900458,-0.3929062090268197,0.5182332580403799,0.3536746001556439,0.9919826078809286,0.6690023603987688,0.2862910541930138,0.18916293686019706,-0.7596773306457446,-0.5049615482026532,-0.9029841436505617,-0.5908435632820873,0.026809969212323724,0.02128936494290834,0.9247735320546968,0.5963607078831165,0.7238897516379401,0.45769040324227733,-0.3367276272001844,-0.21643519223062443,-0.997218062874791,-0.6216077001774215,0.0836080461087285,0.05567685481152258,0.9448016891359832,0.5734344351251229,0.6830802378008095,0.4058817577962134,-0.3908263331056712,-0.23417940742762633,-1.0,-0.5839918545718058,-0.4197545527049504,-0.2400339469600287,0.6599713290353533,0.37712090611504884,0.858146484485804,0.49117309358523437,-0.12544796776095024,-0.07236891318078327,-0.9589111662306613,-0.5368200539721578,-0.6454248192667215,-0.3569106304817374,0.4407509090696332,0.23989330313116505,0.999409426873651,0.539250748131778,0.36125487072305795,0.1947713362939594,-0.7093033305672982,-0.37145796003973675,-0.8034467936896548,-0.41283242304132267,0.22655364364034886,0.10907505851320819,0.9841167527996003,0.48997527757266324,0.5563336234417446,0.2797954609384538,-0.5411155949382469,-0.2587463157500433,-0.9871020051558402,-0.47830455666116717,0.32774912072681517,0.1493816900553885,0.9971683084920906,0.4698395466057245,0.46633700394365235,0.22428663507091975,-0.6260667595456971,-0.2843272547627794,-0.9646754327322017,-0.4445031301983047,-0.14237118223494724,-0.07148507784869004,0.8512137640527403,0.380338194841302,0.8207163259216157,0.3703964035399762,-0.19722167212411962,-0.08162713176508143,-0.9777009686048062,-0.4283879426404199,-0.5826866564580517,-0.2579040671299116,0.5131643781987585,0.21764929517263937,0.9918240631853528,0.42505257004410707,0.2784160625257048,0.12156034273622089,-0.9342758051373651,-0.39896945643435183,-0.6979725009597822,-0.2992204801621214,0.3815109550992205,0.15774941804060844,0.9999999999999999,0.4173426107170465,0.41102009662912325,0.17192757666872904,-0.6742603967307821,-0.27498654482843216,-0.9453883779560337,-0.38384454916497684,0.7551356407887758,0.2944218674440693,0.9003637391848469,0.34594512999282107,-0.04684179384886628,-0.01926972764241939,-0.9367986518356883,-0.352209009555188,-0.6905766543018559,-0.25422780042238735,0.39373990682379906,0.14610708726244306,1.0,0.3602582116731425,0.3930268923064136,0.13684160934238385,-0.6912924008644918,-0.24402733614884073,-0.9363601751664714,-0.3212343715053144,-0.04511970063368938,-0.011816980491438442,0.9012915731704267,0.30193013645956807,0.7532440953810047,0.24432549479086585,-0.3092293119745455,-0.1032169413058174,-0.9962117896500261,-0.31537578621359746,-0.47320377845283,-0.14333087767861877,0.8803996532510203,0.2835732875050376,0.7800407722045982,0.24273531955406497,-0.6336873127678277,-0.1891246995946951,-0.9584688057988765,-0.2740534523064706,-0.10706449792158403,-0.025492606557719365,0.875810218098637,0.2437922518024315,0.30826894051347475,0.07749066430075217,-0.7584569523858822,-0.2016185130043769,-0.8944060181928952,-0.22612998153670785,0.067664065077983,0.022542576189105608,0.9465704483844594,0.23290093406778975,0.663654787704412,0.15361671318052128,-0.43349096280203886,-0.10633865641584272,-0.9988427786938624,-0.22592628168175663,-0.3388086175529426,-0.0686243398054101,0.7369907041070164,0.16241042206709547,0.908591486201691,0.18629156109948902,-0.47235419810670687,-0.09045054533155587,-0.9956564779187418,-0.17088370032851777,-0.29311166503627945,-0.04287830720138981,0.7699337544915011,0.12238502983945683,0.8851131206918158,0.1267254232418891,-0.08937035899428646,-0.015804560958244927,-0.9541488564122225,-0.11989930497229372,-0.6441476543549599,-0.07117720015595158,0.45938672877877507,0.047962670790454125,0.9966276176198019,0.08788985102990542,-0.2749459947243149,-0.01875757545984988,-0.9259106290012579,0.0014806093046913374,0.0015189111424743673,0.002346732997126184,0.9275155095577652,-0.03523442046521988,0.6962561478821992,-0.047361431847664996,-0.40535218822007535,0.02255841618934953,-0.9999999999999999,0.10403010933869458,0.9136562981608018,0.05716918327357736,0.7163820228679026,0.03445283918228519,-0.38269479234548864,-0.012351346490051056,-1.0,-0.01646561794829907,-0.3565877565340933,0.0010395065663148734,0.7372777967516617,-0.011866721062333562,0.9001262314047971,-0.034665535319885206,-0.0758434122607217,-0.002477428582596486,-0.9557741366946689,0.069072546182241,-0.6235469764490833,0.07125799306123135,0.8970104367385995,-0.15230601467163543,0.7330186261549057,-0.20681051967528422,-0.3763803608135227,0.012630327853458774,-0.9999999999999999,0.2645721134306955,0.2685100156327568,0.05175448402797064,0.9964734932017921,-0.2958295265557423,0.42699415139465946,-0.3099569719421096,-0.7003469488760038,0.08279296957070365,-0.911927687628562,0.4261920457543238,0.07166747744269861,0.2630572954349302,0.9615933968439435,-0.2628867348369417,-0.08381838141667797,-0.5209660140697252,-0.9679741423632263,0.13813814850488676,-0.5587553837198813,0.6872691073756114,0.5978592373042645,0.4237593785636233,0.95447089532392,-0.3957125059584199,0.03247245895595357,-0.7932530271519815,-0.9964088104981299,0.318510086494435,-0.2458664651856334,0.7348193887010954,0.8352280453134181,0.2622258541771111,0.7938241149648946,-0.5817332084221812,-0.3149857131664604,-0.7680054780087733,-1.0,-0.007983101223840576,0.3852921543696859,0.9999693991819727,0.8826508073323106,0.36507374857206754,-0.30717730568893675,-0.9799919319155206,-0.7836255940637286,-0.5710048263189689,-0.2111256796513649,0.5290669458730947,0.5717202381457681,0.9884913234642967,0.5442741294456656,0.2483471756165983,-0.16866089622379166,-0.7946107057690935,-0.6763702384215767,-0.2548354252823192,0.08596689844555053,0.7911558188541746,0.6591922229080945,0.8718430642518912,0.6020435093579526,0.45510846097127544
81,-0.3098366252903313,-0.37596567817561505,-0.9022381017205789,-0.999700954983794,-0.43746733851123687,-0.4470091394213265,0.602805288048493,0.6317339234297921,0.9256724906474416,0.9314389816376316,0.06394136235880124,0.04584830707643771,-0.886325087460115,-0.8461097951531878,-0.782624760198861,-0.7116321938593418,0.253052540358658,0.234811921277958,0.9873745136664414,0.8592382934330537,0.5451497848488032,0.4580925513347211,-0.5466832972885219,-0.45547624823566196,-0.9543952276099673,-0.7598867144900538,0.452891763928511,0.3498679629134125,0.9984910572261501,0.7612915330190282,0.34978943766396997,0.2648150724788509,-0.7170031945567096,-0.5293578220170915,-0.9273273265525841,-0.6790716666473926,-0.02986294689460378,-0.023856819929062023,0.9028604470409268,0.6444443790086303,0.758427919369517,0.5373969130833284,-0.2897671338741257,-0.20199808997683066,-0.9926517021290032,-0.6884426743391697,-0.5135663037712166,-0.35261929317656815,0.576647421455452,0.3934071825616609,0.9807089630155837,0.6612827899073631,0.21873622549876398,0.143966342188766,-0.8031947060248673,-0.5336218866525309,-0.8707573054350536,-0.5694919767435557,0.09647834714225112,0.06652899899240604,0.9491341788187819,0.6117508604605737,0.6739981396788793,0.42571372069718366,-0.40162165604907096,-0.25718785714664927,-1.0,-0.6230164484890397,0.15293210383254907,0.09810401362630569,0.965379143750046,0.585611697027513,0.6304532887222549,0.3742161452326263,-0.45409424786970254,-0.27147924916182814,-0.9986727707402671,-0.58301590963085,-0.3554019652445321,-0.20285689137111543,0.7107781197052159,0.4059834804166484,0.8202181039260782,0.4693033225133933,-0.19436334775028344,-0.11139940662587751,-0.9763746095353232,-0.5465533446757518,-0.5905244972954142,-0.32656697871316803,0.5022929998239486,0.2735303771140611,0.9939498314798575,0.5364190674782907,0.29532149826782644,0.15968011251285194,-0.7567574055068684,-0.39661159478555846,-0.7599530075649054,-0.3909023956454575,0.2939534670665532,0.1431761464833069,0.9942637334385932,0.49544167808925005,0.497013152089093,0.2507455052109901,-0.598478763719507,-0.2870257859249536,-0.9734177957010463,-0.47215847224550445,0.39286852088034263,0.1805757111650102,1.0,0.4716765597206212,0.40345579567710743,0.19512046843846614,-0.6789434586458996,-0.309135248012045,-0.9439285007306246,-0.4354491451644598,-0.07294295159464141,-0.03995910335284711,0.8857521541475118,0.39630691361217374,0.778838546629542,0.35202692168941596,-0.26514801344372474,-0.11182233846647786,-0.9899690996064688,-0.4341545835691463,-0.5245419358431924,-0.2327734923961276,0.571795032805988,0.24313974261730106,0.980472111961034,0.4204756715742816,0.21070192824268288,0.09289519262372843,-0.9568962315893643,-0.4089409634653363,-0.6462718909915616,-0.27742463020721536,0.44506410109785643,0.1846080454132086,0.9986764786005895,0.41697581765449476,0.3463916177847596,0.14525800102934502,-0.7241348977387686,-0.29549588846944175,-0.9203189567956774,-0.3737491511452684,0.7990416416561961,0.3114789679013536,0.8677327306872585,0.33332350433350344,-0.11641257874275818,-0.04570366102208648,-0.9589294182499382,-0.36039375829379044,-0.6384022868365122,-0.23480332715517943,0.4569186097245928,0.16911871084135582,0.9975390108859293,0.3591831880471138,0.3279115698203971,0.11364936572401599,-0.7400556494301677,-0.2609239675429064,-0.9095824520391795,-0.3118007100321518,0.024679292771313557,0.011834826429689211,0.9293884709267374,0.3110626640663168,0.7055065083352391,0.22849494007658522,-0.3748135815885555,-0.12423961783922567,-1.0,-0.3162978322763114,-0.4105610106375686,-0.12375732997674894,0.9113379961368815,0.2932304015836219,0.7344655852923556,0.22819604135273638,-0.6861301304881077,-0.20429179047498383,-0.9362271083449196,-0.267364257570308,-0.037447947150847316,-0.005873143859256906,0.9073618416784147,0.2521905699907252,0.24115870913033072,0.05947116585967836,-0.8020787536752011,-0.21273013446077968,-0.8609818727758557,-0.21725375020397736,0.13713340595949225,0.039856513505068206,0.9668046040097439,0.2374488303906539,0.6098550647357284,0.14053018821405505,-0.4952977399824573,-0.12050314320826869,-0.9928192957732532,-0.22412056710063546,-0.272316182535463,-0.05382449171940144,0.7823773381427255,0.17179250382408304,0.8772295225695794,0.1793562951601057,-0.5327278501445989,-0.10111235890481582,-0.9864622175601023,-0.16890141542583062,-0.22569481254214185,-0.03173828524113445,0.8125735032931225,0.12871986969376614,0.850492450632491,0.12142692837877485,-0.1586381324593763,-0.025151357061963205,-0.9727824263074192,-0.12201752739289681,-0.5891702260281001,-0.06484640728818214,0.5202493863342018,0.05406315178155879,0.988399765667218,0.087092631320073,-0.3413862853207248,-0.02323164726360938,-0.8972199639882278,0.0015091525343467753,0.07131050456507158,0.000939136272764556,0.9514398760175967,-0.0364810810955397,0.6444357381968359,-0.04458541909593901,-0.468175330095116,0.028032521617917708,-0.9951752195924928,0.1046947098832424,0.9397858252969028,0.05879646373203693,0.6659663789979354,0.032042037139172204,-0.44621168996439264,-0.014426082133588133,-0.9966036695212623,-0.016395965220609248,-0.2905342175792696,0.0010316042482968538,0.7826429933232554,-0.01280550747219215,0.8674585897890335,-0.03372448774883115,-0.14524331221475537,0.0014361957937604074,-0.9740083659866569,0.07113641733020477,-0.5674889535942028,0.06650123433992239,0.9257291006257344,-0.1614157739608932,0.6837642004480496,-0.19940261644146284,-0.44009060250289345,0.030367206275220663,-0.9958223965123715,0.27062785353941265,0.3350779200584594,0.029457731314830298,0.9999999999999999,-0.3080962650012252,0.36287023792199286,-0.2941636090379552,-0.7484698048334862,0.11032386720624626,-0.8810802985552327,0.43112402071980505,0.14110816646883073,0.23575284462080537,0.9783978008415878,-0.291346145440431,-0.15314038465870838,-0.4938928770671579,-0.9832107609197303,0.18355564543076885,-0.4995429601366092,0.6954841453667159,0.652341950865308,0.38092063485469185,0.9312663659608015,-0.44055608480165104,-0.03732653444904758,-0.784173755061636,-0.9879632174301765,0.36159350170609633,-0.17765174338958403,0.7299099852642279,0.8715899206426309,0.21120387949492417,0.7494298809091307,-0.6187424661410947,-0.3804254901913609,-0.7433551985620737,-0.9984882705347197,0.052679723104550324,0.4433091011610316,0.9950670479677036,0.8745943854637703,0.29923870265544245,-0.35984651569035825,-0.9915026375565664,-0.7791231964103733,-0.5123389163443763,-0.16080751453052308,0.5870184039040075,0.5990005314814324,0.9754933082577298,0.5163699101975235,0.18016955605147003,-0.21024283661691395,-0.8350600706342292,-0.6517074452574273,-0.186754845877288,0.13517057180665795,0.8319453086955421,0.6675401019133953,0.8355137829081904,0.5825761899986915,0.39187258170593786
82,-0.36546716107035127,-0.43968861719628927,-0.9037947684225816,-0.9999999999999999,-0.3783025808931646,-0.3835174304841663,0.6550280698341983,0.6842879587003993,0.8995289106767903,0.903730078210014,-0.005857631046199909,-0.02249598691356488,-0.9164716217066008,-0.8737683252374087,-0.7372580922765154,-0.6693385423618549,0.3199269385723027,0.29432176928415693,0.9961137398389669,0.8663530869216521,0.485330342221426,0.40720326420657665,-0.6037709355946339,-0.5026512234288131,-0.9311724749049449,-0.7413764538432789,0.5139912178692725,0.3972534281752917,0.9921175663894646,0.7565618532718849,0.28356085902752487,0.2151284865320922,-0.7638823137770946,-0.5642078634647398,-0.898855172481829,-0.6584067853457413,0.03993604651039915,0.026586122619619318,0.9307077188361232,0.6644719418927133,0.7111086491829172,0.5040061033649499,-0.3558399275519809,-0.24828826774479745,-0.9987587772484383,-0.6927023783437473,-0.45245077194391997,-0.3106144515751287,0.6322522165975889,0.43122312471938923,0.9646574026629474,0.650341516135442,0.15011573590117266,0.09806835796963739,-0.8427989975330855,-0.5596824729101214,-0.8342882251556842,-0.5453658825394627,0.16567669226287102,0.11144451044628433,0.9688707392702959,0.6241606243388486,0.620822876533359,0.39166300369744694,-0.46455902456055415,-0.2966875286750887,-0.9979100376448575,-0.6213899232890135,0.2215110917191787,0.1400532195480824,0.9812533682153313,0.5949359176074673,0.5747548345939886,0.3407273892255413,-0.5151498611035085,-0.3074564712831122,-0.9924801081277232,-0.579199569782727,-0.2893178951343215,-0.16469153739854456,0.7581220708230413,0.4328681440109747,0.7782937032120602,0.44514715282847195,-0.26233180904671183,-0.14988717335971916,-0.9890812538871617,-0.5536238824234357,-0.532747199332599,-0.2946323254507091,0.5613879695734375,0.30583483859483646,0.9836478124185821,0.5309740070487053,0.22794934915864734,0.12381094327457069,-0.8005246344357986,-0.4198329777088435,-0.7127568067775089,-0.3670679310713789,0.3599211787493085,0.17657969465975487,0.9995667611113139,0.4984943365518096,0.4352712826190506,0.22047394258698855,-0.6529262041228019,-0.3139068953225693,-0.9549911925932115,-0.4637120792142652,0.4560739050911467,0.21088998556124297,0.997959792027558,0.47121561204932105,0.33860899132925837,0.1650036944972213,-0.7285124134627385,-0.33243716540716245,-0.9185828439568495,-0.4242736956665691,-0.0031593502263645547,-0.008238452122144137,0.9159752487827719,0.41034486493655825,0.7331663442268672,0.33194240006200726,-0.3317825802944155,-0.141472757975207,-0.9974142006661949,-0.4378060670077901,-0.46384169964367616,-0.20650886860569806,0.6276399594900224,0.2674456376762526,0.9643433991639531,0.4138502578986129,0.14196127534494468,0.06377746647056456,-0.9748547557879326,-0.4169201512289193,-0.5914227093334521,-0.2542771953405649,0.5064489395336321,0.21056728094529145,0.9924875057840455,0.414577560322593,0.2800755537977122,0.11788074301022922,-0.7704814863147559,-0.3145656058449706,-0.8907658341879506,-0.3618328848303136,0.8390547919648523,0.3270185741367788,0.8308742155499508,0.3190779600666346,-0.18541621325476507,-0.07191493075936925,-0.9763883769297229,-0.3668227048686397,-0.5831176876016733,-0.21423491568041886,0.5178712510881046,0.19130640506080226,0.9902181119830932,0.3563582600338874,0.2611986951277731,0.08990343381983561,-0.7852134212619524,-0.2765494035950881,-0.878373334636461,-0.30084798684181036,0.09435805114268848,0.03542897526608401,0.9529574814744954,0.318679725641644,0.6543317644981305,0.21155118098248252,-0.43857179710919386,-0.14465701144304396,-0.9989163108696224,-0.31567890709432217,-0.34591803084792944,-0.10358084900327572,0.9378363919129388,0.30145892662110774,0.6853121558767924,0.21254501497612352,-0.7352301911822089,-0.21846359228741813,-0.9094242065283262,-0.259372491046624,0.032351046254153824,0.013774932205721494,0.9344928895732287,0.2593602410721316,0.1728735767574923,0.04116192987655731,-0.8417929079012898,-0.2228053560856482,-0.8233631102202476,-0.20731908043852362,0.20593464667176867,0.05697627389359684,0.9823285847871518,0.24083989988012774,0.5530841891940678,0.1267590142966548,-0.5546914763608374,-0.13408055079991787,-0.9819588970414836,-0.22122295964512068,-0.20449705044979752,-0.038762416120154845,0.8239523084312984,0.1803376297709618,0.8415937848823123,0.17154722337953404,-0.5905061056462029,-0.1112815632292703,-0.9724620124363457,-0.16609625980509973,-0.15717839760806213,-0.020443637545505555,0.8512544756663023,0.13442759928180345,0.8117282668448871,0.1155368537263912,-0.2271330368893752,-0.034375618282281396,-0.9866766980053943,-0.1235412926852007,-0.531322419583214,-0.05819968924244259,0.5785774411746952,0.059900242531592866,0.9753565294099003,0.0858711050649699,-0.4061633762510831,-0.027592536817137702,-0.8641581334988835,0.0015303433245543571,0.14075468037753286,-0.00047303582911633257,0.9707289230398725,-0.037550009565827505,0.5894757023734298,-0.041592190664088195,-0.5287175688227543,0.033370055418982615,-0.9855020455497943,0.1048492483251145,0.9613368103590981,0.06013729372939387,0.6123062138721966,0.029475129511971537,-0.507554689082834,-0.016430535355075125,-0.9883519861428675,-0.016246432998481275,-0.2230652251207973,0.0010186760580776283,0.8241952319023768,-0.01368190673685128,0.8305647771204503,-0.03261913786343841,-0.21393560135148718,0.005342823168576195,-0.9874973244265365,0.07285371900354344,-0.5086661816012029,0.06142048828959015,0.9499377053885847,-0.16973913182487035,0.6311785442883477,-0.1910232437042194,-0.5016567670146211,0.04795613872051013,-0.986793246408652,0.2753651219491027,0.4000133585395502,0.007017463495805463,0.9986546073178563,-0.31886198941335014,0.29697845712575904,-0.27693711059979004,-0.7929461911377402,0.13731727805047572,-0.8459403748332239,0.43395560279277434,0.20986139069207,0.207299829645481,0.9904355491017349,-0.31838614690934736,-0.2217163033402975,-0.4644135436134592,-0.9936572754810331,0.22807887770306,-0.4378968134654343,0.7003108545114154,0.7036465200149192,0.3362260841027567,0.9035248004732895,-0.48325331868427246,-0.10694367673026485,-0.7712740672615,-0.9747043668766183,0.4029152697246984,-0.10857152015722961,0.7214445337494481,0.9037054974903854,0.15915294074197767,0.7013844998060068,-0.6527372727607432,-0.4440118724682857,-0.715083367309783,-0.9921120065830842,0.11308589711732157,0.49916629057279727,0.9853168301195254,0.8622770276631708,0.23194579585884936,-0.4107625896389816,-0.9981828420129324,-0.7708249888612968,-0.45117694266948316,-0.1097059113632021,0.6421099672779852,0.6233625544390421,0.9577427877095758,0.485949988652221,0.1111141685198395,-0.25080049504357577,-0.8714411067751805,-0.623869598929387,-0.11776441563567408,0.18371570772922044,0.8686816446197937,0.6726357926430703,0.7951139623997129,0.5602706180021106,0.3267275386134216
83,-0.4193171775782657,-0.5012694374713283,-0.9009482378619619,-0.9954271455358547,-0.31729477112782173,-0.3181572631767228,0.7040596207068628,0.7335082118206036,0.8690029162736519,0.8716182926839872,-0.07562808666155275,-0.090730682716615,-0.9421531983355368,-0.8971699438719569,-0.6882995770375216,-0.6237839407676549,0.3852426849001683,0.3523977112155257,1.0,0.8692470952562761,0.4231464189519829,0.35433012370714806,-0.6579170625933697,-0.5473773323877421,-0.9034131435033157,-0.71925428163628,0.5725865582627929,0.4427035146668806,0.9809105784966387,0.7481462802249325,0.2159508003893372,0.16439381622359156,-0.8070398751499394,-0.5963091409155642,-0.8660038863633487,-0.6345342123687041,0.10954047551116075,0.076899540251323,0.9540206761795628,0.681262264268381,0.6603249291378894,0.46815982657349353,-0.42017910487170895,-0.29336881003016213,-1.0,-0.6935873059912334,-0.3891309454359051,-0.2670963275884708,0.6847767424942316,0.46693819115988067,0.9439061284115601,0.63623184386901,0.08076389752785185,0.05169259456827759,-0.8782972570431825,-0.5830163424187798,-0.7937545765057166,-0.5185828205756249,0.23406787719255082,0.15581707544763249,0.9838870588706311,0.6335295403957509,0.5646230267382656,0.3557041439135237,-0.5252331082016898,-0.3347417683867501,-0.9909583578958755,-0.6167360488446201,0.28901089983316786,0.18132010026232018,0.9923470249059146,0.6013616701995873,0.5162562326857341,0.30557864362794673,-0.5736957159966993,-0.3419357963817215,-0.9814521821921327,-0.5725614278515596,-0.2218242973211495,-0.1257238228105034,0.8017725274179797,0.45764391751943256,0.7325775338098024,0.4188222709610056,-0.32902221613896754,-0.1876447048515592,-0.9969691937921622,-0.5579972202660309,-0.4723744105661948,-0.261262253114989,0.6177479135656845,0.3366493034843866,0.9685535600911357,0.5229420946300993,0.1594666537337557,0.08733857956608729,-0.8403917878142124,-0.4410089765661945,-0.6620881264735572,-0.3414451484346626,0.42413539062834915,0.20912296431355104,1.0,0.499118380715164,0.3714088152134046,0.1891282530766671,-0.7041926536915232,-0.3392586818799842,-0.9319119683904411,-0.4530065275452688,0.5170573430807369,0.2401768251464101,0.9910576242629253,0.4684589492825443,0.27211251801250996,0.13408303914249856,-0.7745321290309974,-0.3541194823488832,-0.8887619439029415,-0.4110312273712336,0.06663964317863837,0.023522336019173223,0.9417358040794722,0.4223836573266935,0.6839222290927411,0.3102406884282287,-0.39680073576458186,-0.17043393642787358,-1.0,-0.4393246032960838,-0.400881673308702,-0.17923815436562174,0.6804270873815681,0.2904485644719845,0.9435165022616048,0.4052086073665448,0.0725290013836251,0.034349022911645335,-0.9880638856083598,-0.42286814592438227,-0.5336921756850727,-0.22989094753807066,0.5653664096440694,0.23550065385075913,0.981463233603817,0.4101595227899903,0.2123949898656586,0.08992918186049913,-0.8130743665379472,-0.33210279120884734,-0.8568729899755294,-0.34815380507177923,0.8749801516685475,0.34096497875080134,0.7899677647536678,0.3032779000519254,-0.2535165186137691,-0.09777583818285657,-0.9890904695833224,-0.3714645280982581,-0.524992197607624,-0.19262277323128163,0.5763008757725515,0.21256207370484512,0.9780729699750518,0.35179719039878277,0.19321328664808585,0.06571950142314595,-0.826545712234727,-0.2908275187516038,-0.8428848706411733,-0.28842956250070967,0.1635771065737326,0.05885051769628998,0.9718837789634607,0.3247442116272192,0.599969182077586,0.19357676579968353,-0.5001933349194007,-0.16436965062798467,-0.9929660018834047,-0.3135220260089021,-0.2795897731835596,-0.08289973254536959,0.9597657430585806,0.3082187740706409,0.6328199545251332,0.19585849065149674,-0.7807482842899496,-0.23157106143811088,-0.8781906813925291,-0.2501170878185927,0.10199242861372232,0.03335589818564546,0.9570711820449385,0.26526633512983483,0.1037462216958826,0.022652157108659955,-0.8774059316968105,-0.23179509241198346,-0.7817330053558176,-0.19637437295281482,0.2737325944859403,0.07381845160295133,0.9930667594428009,0.24305762158652766,0.4936187430784834,0.11237028320337311,-0.6113828116237783,-0.14700473142579937,-0.9663144932694908,-0.2172475761674689,-0.135681629290314,-0.02351149392595569,0.8615130658965915,0.18800416891307176,0.8018578868718097,0.16290239077052393,-0.6454074747585662,-0.12090861496365563,-0.9537240701395384,-0.1624818999025359,-0.08789622532035495,-0.00904939050274251,0.8857882218018369,0.1394804111187548,0.7690094245358547,0.1090838951363767,-0.29452137199498196,-0.043432404945753386,-0.9957639800110815,-0.12446317721786959,-0.47088606371846126,-0.05126942816092615,0.6340867248801865,0.06544550532116433,0.957561454183793,0.08423122341772354,-0.4689616800397444,-0.03181899830488493,-0.8268862114480043,0.0015440784359142836,0.2095131135358058,-0.0018829033479871617,0.985288676326428,-0.03843599816402438,0.5316438001819522,-0.0383963292601544,-0.5866839487015925,0.03854501366439274,-0.971027604603496,0.10449297176855622,0.9782042591144621,0.06118514087668083,0.5556629544212778,0.0267646220166182,-0.566424932775281,-0.018354940659903785,-0.9752851512367791,-0.016017749787870444,-0.1545094813079761,0.001000784980500408,0.8617320741594837,-0.014491649127188927,0.7896245363458159,-0.031354870817239276,-0.2815856177431643,0.009223420845973187,-0.9961752951646943,0.07421608468112711,-0.44736523910238785,0.05604050779427694,0.9695183091381859,-0.1772355377007144,0.5755178497067185,-0.18171322492523853,-0.5607789101838171,0.06531143367848792,-0.97295653880054,0.27876083916426186,0.4629999721470386,-0.015456992699977969,0.9924438697732701,-0.3280742502649483,0.2296398271385786,-0.25836140239640415,-0.8335594233054447,0.16364169291912842,-0.806679114638658,0.4346729967900019,0.27759219131504903,0.17783687073783053,0.9976479949248915,-0.34387500307458485,-0.2892120424788575,-0.4326716340579619,-0.9992627916782726,0.2714909326095917,-0.374117277536288,0.7017257195679364,0.75152299404932,0.2898934736663995,0.8713813529798671,-0.5235961909747167,-0.17603980016839132,-0.7546168097338646,-0.9566968546245779,0.44227407505010186,-0.038962347392240214,0.7094642769855918,0.9314183119945257,0.10632662485973395,0.6499220439227503,-0.6835520090004233,-0.5054350735344639,-0.683327721771887,-0.980902272662126,0.17294112800669337,0.5525915919929123,0.9707662477187063,0.84575874285958,0.1635228724599418,-0.4596774695405937,-1.0,-0.7587713994495451,-0.3878168802820521,-0.05806983202331926,0.6940732354360524,0.6446876176916095,0.9353262405716691,0.4531625676097269,0.04151744392833745,-0.2901362786687628,-0.9035765694408767,-0.5929923226265162,-0.0482002489987226,0.2313657991907646,0.9011858508910315,0.6744544694041018,0.7508404265909999,0.535235463872829,0.25999071179531963
84,-0.4711243229466355,-0.5604081234344379,-0.8937123780494789,-0.986004670078645,-0.254741133131903,-0.2512470656641387,0.7496610638792703,0.7791548866648066,0.8342432270142957,0.8352600704507683,-0.14503008984079743,-0.1585233477536844,-0.9632446992870907,-0.9162006407231685,-0.6359877354468325,-0.5751903265165772,0.44868156759165945,0.40875680692074656,0.9990143606806815,0.8679062191192239,0.35890096886393347,0.2997307224621564,-0.7088578837967425,-0.5894366740054553,-0.8712524740773091,-0.6936279748683355,0.6283923145006565,0.485996794135414,0.9649246928661634,0.7360858137041253,0.14728865115894949,0.11285823576725816,-0.8462656193744192,-0.625505260172634,-0.8289335163609115,-0.6075702524921628,0.17861123432620032,0.12683831105283702,0.9726857406864784,0.694733545372777,0.6063241724137317,0.43003272216623334,-0.4824712118287578,-0.3370200889623895,-0.9963693232712101,-0.6910931460030826,-0.3239153120770308,-0.22227693714222965,0.7339651049349601,0.500378381669504,0.9185562383836637,0.6190225140130493,0.011018585564133931,0.005064990042302574,-0.9095165406030956,-0.6035098149117712,-0.749353835346944,-0.48927327523770553,0.30131870695296925,0.19943051532007736,0.9941099796201299,0.6398119642140121,0.5056723903126115,0.3180123292957092,-0.583348308935914,-0.3711651798509562,-0.9791788286380106,-0.6090774983643464,0.355102675894444,0.2217036076743127,0.9986060666415306,0.6048576491831585,0.4552424823057299,0.26894114959525484,-0.6294465830292476,-0.3747492446516267,-0.9656427198801308,-0.5631338241975731,-0.15324999382913104,-0.08614359439544492,0.8415168288532304,0.48019009586394157,0.6832923203012594,0.39045692908928475,-0.3941096600673916,-0.22448805020334223,-1.0,-0.5596520517411744,-0.4097002611544218,-0.22661933734408235,0.6710982518188426,0.3658236468072305,0.9487406121775885,0.5123624608924107,0.09020705280140526,0.05044071107720122,-0.8761646368782816,-0.4600364240197817,-0.6081938193702922,-0.31415887935671616,0.48628325751818885,0.24064740790617678,0.9955613394083347,0.4973107702988785,0.30573688139392236,0.15686114972846169,-0.752028347436656,-0.36295763424144256,-0.9042925627531359,-0.44009397361012936,0.57552172966926,0.26829354738195244,0.9793271233736476,0.4634200016041918,0.2042903398606593,0.10250914469905349,-0.8167784019223157,-0.37407656476856704,-0.8546110849963756,-0.3957862562528592,0.13611397494066668,0.05516852570386051,0.9629083172016494,0.43236463899619004,0.6313461136060986,0.2870275153457139,-0.459885717936372,-0.1985647778742222,-0.9977138998534536,-0.4387027942778737,-0.3359685917578529,-0.1510942098544324,0.7298992428996826,0.31203645505739885,0.9180928878021852,0.39459282123081374,0.002743373418152488,0.004753234365851539,-0.9964592674979371,-0.4267559695194588,-0.4733615474033069,-0.20438469414772825,0.6215294714371519,0.2592866912431076,0.9656573712058099,0.4037432292914457,0.14367965889284923,0.061539494776394456,-0.8517060301773139,-0.34802200515681,-0.8188055466885192,-0.3327785549712347,0.906642696026011,0.35325023626202984,0.7452126704147871,0.2860003005935512,-0.3203817169774764,-0.12316039155110929,-0.9969738128921377,-0.3742966134864656,-0.46430899839886286,-0.17007219199333565,0.6319228205197973,0.23278216129246337,0.9611627547728434,0.34552220021458535,0.12428656245758252,0.04121539022162453,-0.8638511555815773,-0.3036887514706412,-0.8032899562826129,-0.27460593832394387,0.23199923078426274,0.081985346319913,0.986075156374732,0.32922657645692055,0.5426836101106506,0.1746592640721769,-0.5593779810811369,-0.18328149739744437,-0.982178062348604,-0.30983769712789055,-0.2118993822485053,-0.06181473692355439,0.9770192119793564,0.3134770106349447,0.5772447179658683,0.17821776344804297,-0.8224626502371729,-0.24355033965491893,-0.8426786995324062,-0.23964313928039102,0.1711369141133278,0.052774357582532114,0.9749867199221843,0.2698800782672643,0.03411342547070429,0.004032025308316536,-0.9087443219896393,-0.23965554634804853,-0.7362943758688213,-0.18447294926156282,0.3401969446152805,0.09030099323630104,0.9989668126691661,0.24409119099262472,0.43174843606500174,0.09743409538574559,-0.6650955512844748,-0.1592127197770386,-0.945962302419882,-0.21221378433637916,-0.06620518087159775,-0.008146026096716375,0.8948766183038267,0.19475477064235025,0.7582154178389408,0.15346391408857085,-0.697164483530038,-0.12994661207962951,-0.9303396800410201,-0.15807594451627052,-0.018185831458184688,0.0023889442609083466,0.9160064967598733,0.14385368841325757,0.7225440456110408,0.10209949077433235,-0.36047482858141233,-0.05227759329813951,-1.0,-0.12477868966212785,-0.4081555982845753,-0.044089387578994756,0.6865068018002346,0.07067192418737014,0.9351012358066432,0.082180975716879,-0.5294752496631169,-0.03589044083132538,-0.7855857828932609,0.001550290952344657,0.2772508198651185,-0.0032835975510154512,0.9950482022227926,-0.03913473044273916,0.47122178283663463,-0.035013404799650566,-0.6417920633556192,0.04353218447776091,-0.9518224147749237,0.10362761595713835,0.9903059950481687,0.06193490016792547,0.49631256091146336,0.023923719973170235,-0.6225356111320836,-0.02018992253886962,-0.9574668251091858,-0.015711029710391684,-0.08520098283346123,0.0009780181790967446,0.895070644372291,-0.015230789659674388,0.7448373242028852,-0.02993784599219917,-0.3478637773100857,0.01305908294414362,-1.0,0.07521687705431908,-0.383884778127661,0.05038750357816201,0.9843755171413056,-0.18386846985253455,0.5170532900121699,-0.17151791758017115,-0.6171689948718949,0.08234853789666603,-0.9543796847366406,0.2807984615919544,0.5237308964308226,-0.03785614398105915,0.9813980454552574,-0.3356881663471641,0.16118241499689373,-0.2385269834109399,-0.8701116377519044,0.18916886190908397,-0.7634877948846736,0.43327270764004544,0.3439705906854105,0.1475075084720452,1.0,-0.3676885347910368,-0.35529876961795515,-0.3988217917933349,-0.9999999999999999,0.31358031098262135,-0.3085150798371221,0.6997218474559449,0.7957381235995395,0.2421485313663297,0.834992623125674,-0.5613881552544382,-0.24427827539555796,-0.7342831349630219,-0.9340284114636376,0.4794781655390968,0.03083664601276093,0.6940275815793618,0.9545933501084699,0.052982296349088534,0.5952932331714389,-0.7110365485626603,-0.5643958457285382,-0.6482429722613807,-0.9649136814687098,0.23195380710439648,0.603324722723149,0.951486189740084,0.8251200064761488,0.09430328206367103,-0.5063528470172217,-0.9969452585067163,-0.7430211520511091,-0.3225674130371016,-0.006150842298979204,0.7426550485590717,0.6628718276745564,0.908352878008362,0.4181673840895802,-0.028281549476664596,-0.32805854750867136,-0.9313098978874556,-0.559226047335189,0.021598744406278562,0.2778886997354613,0.929299570283614,0.6729872717861226,0.7029088716981512,0.5075926963652397,0.19198723636352416
85,-0.5206361979708592,-0.6168165573521994,-0.8821224413667931,-0.9717784789816554,-0.19094642194185632,-0.18311281770290727,0.7916102337041245,0.8210055972215539,0.795419188610762,0.7948325451143621,-0.21372552100071315,-0.22554370297521076,-0.9796433688887367,-0.9307677001489437,-0.5805774255383114,-0.5237944428126415,0.5099345187871559,0.4631244805507386,0.993161623816699,0.8623369911242509,0.29290698933217973,0.24367106326615728,-0.7563452206444041,-0.628624339397382,-0.8348471501755902,-0.6646223823300739,0.6811366065480461,0.5269223460751423,0.9442377911259354,0.7204392110900387,0.0779089264255206,0.060772821330736894,-0.8813684425676295,-0.6516539806777114,-0.7878246655908694,-0.5776462714182262,0.24681181716154116,0.17615913835264407,0.9866119780387983,0.7048201544784883,0.5493694652690669,0.38981054156331746,-0.5424127675396121,-0.37902943989833177,-0.9878844353541373,-0.6852320496760448,-0.2571215958775704,-0.1763746358014312,0.779577663162361,0.5313807790014935,0.8887312346953126,0.5987973686927425,-0.05878040784086811,-0.041587290606027526,-0.9363047510014743,-0.6210630482511075,-0.701302317627144,-0.45758003968440486,0.3671015422615616,0.2420723497685671,0.9994896964765052,0.6429772884562962,0.4442581688313652,0.27877119057605365,-0.638621495346968,-0.405780311868321,-0.9626288385537328,-0.5984515835362978,0.41946442741356016,0.2610069973952857,1.0,0.6054068224999878,0.3920108363127464,0.23099340131560456,-0.6821308495810252,-0.4057369522712498,-0.9451287433029393,-0.5509626891581098,-0.08392907177181257,-0.0461436830476157,0.877161344887285,0.5003968363299417,0.6306781752925126,0.36018932030763406,-0.45727704134773034,-0.2602377123399935,-0.9981589067274863,-0.5585803146762622,-0.34503009325323236,-0.19087235494133506,0.7211790668477011,0.393215734095294,0.9243054953685851,0.49928664874774875,0.02050797217538755,0.013297100514230508,-0.907668899903241,-0.47682262025824423,-0.5513364531144826,-0.28534205979768534,0.5460620012584205,0.27099944151727645,0.9862724040445475,0.4930803117992006,0.23857542822085273,0.12382983462640604,-0.7962002346667026,-0.38488829349325054,-0.8722675346492684,-0.4250373260736529,0.6311822322420751,0.295103170423423,0.9628254391809116,0.45612331826083946,0.13547287970820063,0.07043583600681866,-0.8550454125417453,-0.3922111837667423,-0.8162966467889132,-0.37861305427831693,0.20492517309891303,0.0865459398768394,0.9793896377936258,0.44023918360563863,0.5756941433166551,0.26241597306033976,-0.5207301831179285,-0.22572823168242998,-0.9905670378766719,-0.4359436693441925,-0.26941870499940246,-0.12221414954076916,0.7758154026756061,0.3321041353995673,0.8881964170797678,0.3820546185343775,-0.06705561998684867,-0.02486571145997849,-1.0,-0.4285646809283968,-0.4107247492447287,-0.17788269907217574,0.6746645041213168,0.28180950993912685,0.9451469231628276,0.3953599393639206,0.07426433506454269,0.03284999345966685,-0.8861882676508486,-0.3622456908786987,-0.7767489650840874,-0.31578204120165215,0.9338881683038415,0.36381449413077954,0.696826974854161,0.2673293364193348,-0.38568604782072874,-0.14794491987176486,-1.0,-0.37530516339793096,-0.40136373242207984,-0.14669303613159515,0.6844661008061305,0.2518681575894458,0.9395698512451235,0.33756386060271243,0.05475432662802566,0.016510481781899254,-0.8969480029324497,-0.31507044311920057,-0.7597814940034666,-0.2594444616189559,0.29929107806289484,0.10472075057740417,0.9954624747440735,0.3321049824998636,0.48275413814562196,0.15489083996679848,-0.6158373939475252,-0.20130041513497543,-0.966605050022235,-0.30464387013124833,-0.14317663882318593,-0.04042858611704273,0.9895127415089962,0.317208018714034,0.5188572031651082,0.15970877721545676,-0.8601700608260981,-0.2543430650985227,-0.8030612717539272,-0.22800167345645908,0.23944763776999384,0.07193570561413606,0.9881522205052915,0.2731789927916262,-0.03568556793429775,-0.014607750114031703,-0.9356554012923946,-0.2463484225523972,-0.6872685941946425,-0.1716727919046642,0.40500388942693066,0.10634359750762719,1.0,0.24393557265216642,0.36777469407021385,0.08202321844944012,-0.7155680122744831,-0.17064503976153042,-0.9210014783206824,-0.20614610827965774,0.003593812533405198,0.007259128352830849,0.9238804217793679,0.2005565467057401,0.7108789995059077,0.14327777664331695,-0.7455249770164791,-0.13835152236373896,-0.9024227685387591,-0.15289985901806033,0.05161316194681824,0.013815640328256183,0.9417620801423471,0.14752612499793308,0.6725585047258833,0.09461766795624058,-0.4246720880377971,-0.060868090470902414,-0.9993641205085672,-0.12448629287306223,-0.34343663980350425,-0.03669454793262826,0.7355822865893348,0.07555403654285209,0.9080852982046909,0.07973035056314465,-0.587409269092795,-0.039787028737730004,-0.740458059371068,0.0015489506070899093,0.34363778806920336,-0.0046682943968411935,0.9999599532998231,-0.03964280224854624,0.40850402033238653,-0.03145989855049807,-0.6937734315896901,0.048307270864193314,-0.9279800418184219,0.10225739681738878,0.9975830597192112,0.062382918851226356,0.43454418249405247,0.0209662639708169,-0.67561335856851,-0.021926541144709953,-0.9349838168538886,-0.015327767075431072,-0.01547739373495281,0.0009504865714345645,0.9240485203779036,-0.01589572731593157,0.6964213394872242,-0.028374966990826835,-0.41244717952109533,0.016831122502904618,-0.9989528053549541,0.07585122036327642,-0.318534069101859,0.04448901650954842,0.9944369465739938,-0.18960561330162723,0.45606969866269703,-0.16048699218157422,-0.6705522942545686,0.0989844483158581,-0.9311531887826153,0.28146806214053344,0.5819102564324412,-0.0600708639339509,0.9655709485095733,-0.34166664342619296,0.09193973833134374,-0.21753048493894653,-0.9024247557625534,0.21377441921900658,-0.7165768393395345,0.42976155741088695,0.4086731999137574,0.11645950445238612,0.9974801055947566,-0.3897107249259092,-0.4196545168659814,-0.3630289298485151,-0.9958653088413758,0.35414195760152734,-0.2414098276808188,0.6943090008389423,0.8360764969988976,0.19322386576212955,0.7945358931447777,-0.5964450928722992,-0.31132665141976207,-0.7103721065685223,-0.9068094757702547,0.514346286602561,0.10048540637807672,0.6752096535590858,0.9731177053760737,-0.0006201565836078202,0.5377642136267813,-0.7350569895334446,-0.6206069380950936,-0.6100000481511735,-0.9442241278119617,0.28983643056980357,0.6511185160502676,0.9275705866881054,0.8004613683619387,0.024624255556518843,-0.5505613243215931,-0.9890334999265742,-0.7236509802881052,-0.25574642978019746,0.045798113710760965,0.7876187209369356,0.6778265927447157,0.8769541115307103,0.38113493110818747,-0.09794275801546774,-0.3643825480814477,-0.9545059781264702,-0.5227352789544495,0.0912925108996323,0.32305775446832125,0.9528858355826405,0.6682413478284455,0.651552815438542,0.47747698826399837,0.12304841841465684
86,-0.5676115857727377,-0.6702199230047247,-0.8662348928204057,-0.9528178808178981,-0.12622143897797622,-0.11408646250026337,0.8297027580427537,0.8588564510358309,0.7527199478755737,0.7505326755144467,-0.2813797029059259,-0.29146523194741386,-0.9912693144705639,-0.9408001529000352,-0.5223386007720064,-0.46984668523495604,0.5687031202655601,0.5152358582645975,0.9824703033537391,0.8525665439903316,0.22548599639130565,0.18642426314365368,-0.8001477196046418,-0.6647494101968624,-0.7943745348767588,-0.6323788163527084,0.7305624695159458,0.5652807853108458,0.9189506577817927,0.7012827010578175,0.008149637233922664,0.008391327817552266,-0.9121773273034954,-0.6746279084929556,-0.742877612241928,-0.5449080557747419,0.31380995763310976,0.22462173603785418,0.9957315410080023,0.7114729506398545,0.4897382853120369,0.3476892431855226,-0.5997117427701543,-0.41919219750299563,-0.9745866737698149,-0.6760325716822702,-0.18907520910876863,-0.12961305496412567,0.8213921973777074,0.5597943425923966,0.854576421766477,0.5756549427830656,-0.12829302900745537,-0.0880369621548649,-0.9585313787699976,-0.6355905248484031,-0.6498341255105271,-0.4236575201735466,0.4310958957571736,0.28353483206201185,1.0,0.6430100919810723,0.38067956620824756,0.23817190663789362,-0.6907833820266999,-0.43841852299515754,-0.9413890175311335,-0.5849100727494028,0.48178259040673416,0.29903878726128047,0.9965220338781178,0.6030065146328779,0.3268693529300387,0.19192027640412018,-0.7314918432011986,-0.43474795024394325,-0.9200101944923853,-0.5361073192796443,-0.01419925571334085,-0.005918964314324264,0.9085324190209988,0.5181656937090563,0.5749914296092891,0.3281669053635486,-0.5182166148479503,-0.2947195225011277,-0.991454883595979,-0.5547872304665443,-0.27867897342001685,-0.15419546161173195,0.7677463699555438,0.4186921138527539,0.8953672550970093,0.4837783622385065,-0.04929102122961447,-0.02391129218582566,-0.9347510912864314,-0.4912857846208511,-0.49179303107924566,-0.25513508240580385,0.6031803858184815,0.30003119309007265,0.9721784486680108,0.4864476155846965,0.17025165954300933,0.09019523301738194,-0.836493114387222,-0.40494381566799587,-0.835992906796616,-0.4079099394091482,0.6837676784256229,0.3204750804822576,0.941632966231361,0.446604447960276,0.06599540930348982,0.03801937100174407,-0.8891467278601367,-0.40843498930253636,-0.7740052933721481,-0.35959528756138187,0.2727379964128296,0.11750171093030579,0.9910994705181736,0.44596892716524844,0.5172374490295474,0.23652596653217708,-0.5790377031909476,-0.25179196023600287,-0.9785942328628051,-0.4310606706743707,-0.2015562373920685,-0.09273867417546514,0.8179518677943859,0.35055383777706,0.8539727426945293,0.3676550841404377,-0.13652792515168302,-0.054363514039068826,-0.9986688330217114,-0.42828546829102265,-0.34608694139373597,-0.15051407736744854,0.7245126391584427,0.30295938103011544,0.9200318143160324,0.3850504955532568,0.004487202860826542,0.004000450276873527,-0.9163530849637207,-0.3747045520074354,-0.7309081406002987,-0.2972470690696347,0.9565838312998061,0.3726062843546292,0.6450464083168481,0.2473559705899344,-0.4491113550080228,-0.17200867541417594,-0.9981542876275109,-0.37448526427886475,-0.33646306268587617,-0.12259920654335328,0.7336747310516266,0.26972707754035063,0.913399457847369,0.3279609437937839,-0.015044666776975494,-0.008274864065438974,-0.9256750097739324,-0.3249171432396531,-0.7125714526585039,-0.24301899757622633,0.3651248092938384,0.12694596586457524,0.9999999999999999,0.33336540645114326,0.4204727365458242,0.1343678032586746,-0.6692965089343582,-0.21833861748461586,-0.9463228350549571,-0.29796584882202126,-0.07375635320558539,-0.018845471302836092,0.9971854644274775,0.319393621211587,0.457941868225873,0.14042170587414754,-0.8936868093426706,-0.26389665669544254,-0.7595314101828996,-0.21524940639809534,0.30659179660463687,0.09074659011893978,0.9965035427988107,0.27514700672296366,-0.10531070483942463,-0.03317635804618982,-0.9580080615318057,-0.2518411140049276,-0.6348945090135448,-0.15803626196209472,0.46783769600014147,0.1218681064615172,0.9961612878504824,0.24259152472206477,0.3020091907344973,0.06621273263779369,-0.7625542978373364,-0.1812459942654838,-0.8915536275978492,-0.1990741091051322,0.07337529724499417,0.02262891705872811,0.9483831727081355,0.2053812314334532,0.660079250144589,0.13239360427248853,-0.7902533477548047,-0.1460823979379387,-0.8701093440193973,-0.14697886077615419,0.12116070121495316,0.02517502798466807,0.9629294933359603,0.1504798291308929,0.6192963264110458,0.08667487737080053,-0.4868003877691524,-0.06916204442533033,-0.9938594394777466,-0.12358741137843746,-0.2770444925354392,-0.02912093613725685,0.7810740884186456,0.08006805722696254,0.8766452603103002,0.07689128715593344,-0.6424814896096278,-0.043489778239502654,-0.6917228986142046,0.0015400639301773897,0.408350587512163,-0.006030247781620838,0.9999999999999999,-0.039957738306678946,0.3437960673037579,-0.02775312283794541,-0.7423748054029187,0.052847009082805256,-0.8996166433784087,0.10038898991922253,1.0,0.06252701422459314,0.370658748499759,0.017906662437919305,-0.7253995856344093,-0.023556335846141512,-0.907945661427124,-0.014869829100020718,0.05432159967005012,0.0009183242887389313,0.9485245248772677,-0.016483222586538428,0.6446124600096097,-0.026673848002516855,-0.47502118053252534,0.020521162524690162,-0.993038813056604,0.07611602415116189,-0.25163149411032715,0.03837378342452077,0.9996535791634258,-0.194419017261804,0.3928641815853054,-0.1486741902891644,-0.7206687302633138,0.11513811645273685,-0.9033902080920316,0.28076637858343456,0.637254608158134,-0.08199292467605798,0.9450396869616029,-0.3459805549626602,0.02224914050239357,-0.19547419981041797,-0.930341351074546,0.23733848904702304,-0.6661747934631852,0.4241566520735031,0.47138479439181064,0.08484412143350345,0.9901005883814056,-0.4098342835825281,-0.48196574949135956,-0.32546742744901574,-0.9868788620021074,0.39297826020122284,-0.1731284511104856,0.6855135505615493,0.8723415897469926,0.14335783290673143,0.7502082641589486,-0.6285962099521384,-0.3768582752926964,-0.6830002166771748,-0.8751726554630882,0.5467085642596063,0.16964461194427802,0.6531021719785063,0.9869011290005348,-0.05421958817576676,0.4776152608892052,-0.7554963067388916,-0.673794495842441,-0.5687852651233644,-0.9189344091175916,0.3463070000797292,0.6957401254173949,0.8991359529768509,0.7719029629231647,-0.0451747378484832,-0.5920875221961005,-0.9763032695520903,-0.70075525369028,-0.18767947562494702,0.09752394591411392,0.828745194077553,0.6894790547899137,0.8412829127728,0.342245627053985,-0.16712679928239202,-0.3989313135075776,-0.9730518011866588,-0.4836977968398103,0.1605415094565741,0.3666529042950623,0.9718297368744574,0.6602398191955335,0.5970224593559761,0.4450350602717539,0.053510120940055333
87,-0.6118216269848477,-0.720358044562642,-0.8461271349498245,-0.9292152497157147,-0.060881517851130086,-0.04450428952024932,0.8637530539456282,0.8925230425526098,0.7063535312174809,0.7025762861627062,-0.34766303118276987,-0.3559667716075519,-0.9980658955943332,-0.9462491218750979,-0.4615549948480329,-0.4136098818356294,0.6247010573078681,0.5648370586683187,0.9669924863304095,0.8386424783537811,0.15696645834178788,0.12826922275041708,-0.8400519793055321,-0.6976358886902397,-0.750031806694257,-0.5970543643485691,0.7764291055682466,0.6008852333823368,0.8891864892055344,0.6787096121987338,-0.06164935617107849,-0.0440310474012635,-0.9385421757924831,-0.6943151169513821,-0.6943113338399408,-0.5095151028574892,0.37927924753515485,0.27198999920398337,0.9999999999999999,0.7146595221027142,0.4277211496572877,0.3038740377645294,-0.6540889826727336,-0.4573126928584773,-0.9565408238759964,-0.663539530953816,-0.12010766692696252,-0.08222001235169371,0.8592049913734835,0.5854806444165194,0.8162581984125172,0.5497079838567825,-0.19718061943268675,-0.1340577264735265,-0.9760881380123908,-0.6470214682979735,-0.595200006855522,-0.3876709838103086,0.4929899933822647,0.32361596115447216,0.9956384040431432,0.639910214972865,0.3152463310043403,0.19641227311155063,-0.7395798415065007,-0.4689208031476376,-0.9155628438432163,-0.5685189388830281,0.5417535570480617,0.33561369021501114,0.9881891125772262,0.5976684196404797,0.2601353949166492,0.15191213519775418,-0.7772890820905975,-0.4616408999037595,-0.890409448493366,-0.5186400884309678,0.0555997376916603,0.03433459101813332,0.9354772145346008,0.5334100999142533,0.5165033834789463,0.2945456942437542,-0.5766314890915831,-0.32776548877373934,-0.9799205919322885,-0.5482912786370109,-0.2109701576410115,-0.11676734349283388,0.8105732899225571,0.442128667718306,0.8620668755606032,0.46591315617766926,-0.11884987373390106,-0.061003191473907176,-0.9572792693137248,-0.5033554540246593,-0.42985364283145483,-0.22368511253852844,0.6573601361703155,0.32760122284916415,0.9533481376125997,0.47744499548460734,0.10109844189351024,0.05612120929949115,-0.8727106837384394,-0.42302649227761624,-0.7956454055357638,-0.388795256522806,0.733021877211968,0.3442856681630252,0.9158529521229463,0.4349097656817723,-0.003803584101511331,0.005417679442842812,-0.9189162096971093,-0.42266894062619004,-0.7279430639688141,-0.33882560874983975,0.3392220676237486,0.14788502545935048,0.9979807662473273,0.449525954940349,0.45626082588329425,0.20948362927057668,-0.6345242097786873,-0.27662898366934524,-0.9618538151143793,-0.4240775877470906,-0.13271180805652422,-0.06281138531163867,0.8561033536335043,0.36729567709445227,0.8155885989479236,0.35146437113312584,-0.20533507998891562,-0.0835964630423614,-0.9924722518747812,-0.4259196919032393,-0.27976303275281234,-0.12241216620741069,0.7708310214453432,0.32263326447009594,0.8904344029511646,0.37286512443339803,-0.06531179054417462,-0.02486858269754413,-0.9420535221581395,-0.385337890223962,-0.681506405126136,-0.277263939096283,0.9746191140251479,0.3795827742153556,0.5901232405180545,0.2261775113359553,-0.5103486368182334,-0.19523442198022076,-0.9914456678998188,-0.3718409105953592,-0.2699231787294174,-0.09790808594446197,0.7793089717561655,0.2862719142823499,0.8827790741055748,0.31676023423321087,-0.08477036407772384,-0.03301989560683682,-0.9498922210163232,-0.3331808796987991,-0.6618898348236222,-0.2254095694054901,0.42917968915611826,0.14855271316661744,0.9996656257755748,0.33300170765196657,0.3561428340393476,0.11319014011967908,-0.719494878607113,-0.2343130960371924,-0.9214302303593307,-0.28983616784875593,-0.003976734049131685,0.0028294567532172565,1.0,0.32002317009193176,0.3947954865367971,0.12045051409695993,-0.9228496055572089,-0.2721645703077408,-0.7123011879292924,-0.20144846586855505,0.37224227102472185,0.10911536635849937,1.0,0.27577453209522723,-0.17442277857636804,-0.05158333409682274,-0.9756934027940674,-0.2561068608650061,-0.5794272816039077,-0.14362979523699576,0.5283922443453204,0.13679888625086595,0.98746937804034,0.24006559526873206,0.23477232897938166,0.05007966504841692,-0.805825495512815,-0.1909639365041591,-0.8577622172200167,-0.19103224088190593,0.1427993048840628,0.03788845995536565,0.9682654961506124,0.20920531944647172,0.6060636610275008,0.12086442356980331,-0.8311316836188576,-0.15310157475353608,-0.8335568342390585,-0.14034179629881008,0.19011795772579815,0.03641176543532332,0.9794056108313747,0.1527004106625065,0.5630169986453837,0.07830981549533834,-0.5465570449442987,-0.07711904785146226,-0.9835127751601921,-0.12208642443854012,-0.20930261234815814,-0.02140545006825119,0.8227605758024727,0.08419199438467613,0.8409342948277517,0.07367761712678372,-0.6944236048910946,-0.04698064991326958,-0.6396177334270352,0.0015236742166037313,0.47107394394002094,-0.007362822405366815,0.9951681472198254,-0.040078004280319324,0.27741317439348684,-0.023911136700660515,-0.7873594037874776,0.05712928198532855,-0.8668704030810052,0.09803149795323582,0.9975450408004376,0.06236648426985121,0.30496750234126263,0.014759821445595582,-0.7716517388360079,-0.025071366447205225,-0.8764840860042656,-0.014339446811945069,0.1238559437018469,0.0008816880224181976,0.9683794132367807,-0.016990413253591408,0.5896630934230469,-0.024842776707984484,-0.5352809261013614,0.024111225505435277,-0.9822868354809545,0.07600999832053891,-0.1835029957733991,0.032071597123968065,1.0,-0.1982852313128124,0.32774466970580035,-0.13613706268634343,-0.7672741406595835,0.13073084325990086,-0.8712260011160905,0.2786968294524149,0.6894943194894895,-0.10351552413104331,0.9199042870538131,-0.3486088840131933,-0.04754985290260758,-0.17246558402941145,-0.9537254168416889,0.25974626961358394,-0.6125272109567406,0.416485298163295,0.5317998495350194,0.05281538638349883,0.9778974006260234,-0.4279611708059306,-0.5419288934322436,-0.2863202804588561,-0.9730844405478811,0.42990001221925456,-0.1040036101291532,0.6733783471734014,0.9043567219573104,0.0927933750996907,0.7022256959208087,-0.6576848694833599,-0.4405538835300644,-0.6523008183851186,-0.839272081950554,0.5764073327465308,0.2379773260137018,0.627812842265649,0.9958764695274599,-0.10755486738446662,0.4151394146102952,-0.7722549218801299,-0.7236993945356299,-0.5247994174579691,-0.8891677343529647,0.40109039669592444,0.7369721588290405,0.8663208192835241,0.7395839238404441,-0.1147536444716353,-0.6307291291788971,-0.95881658778601,-0.6744455179361479,-0.11869816592992681,0.14877465125604478,0.8658341039377989,0.6977724441863672,0.8015130682293238,0.3016889367071862,-0.23549661558273782,-0.4315365256747332,-0.9868570136822904,-0.4423037876801011,0.22900836591701787,0.40846175802789897,0.9860389813762054,0.6490216685305756,0.5395834698639164,0.41042496620063357,-0.016288872464945814
88,-0.653050934730382,-0.7669866541375877,-0.8218971307301702,-0.9010855753213068,0.004755011910899656,0.025294703884753612,0.893595231793833,0.9218413515221753,0.6565458311577046,0.6511970157675018,-0.41225258011865873,-0.41873407693807446,-1.0,-0.9470880602450146,-0.398522739384504,-0.3553580126679182,0.6776555135937044,0.6116864296994318,0.9468035791154227,0.820632630862738,0.08768219548544216,0.06948926759751764,-0.8758635902049756,-0.7271235552600327,-0.7020349989424745,-0.5588211234970184,0.818513057064601,0.6335622289975652,0.8550902934345799,0.6528299183326696,-0.13114800010978578,-0.09623890778312572,-0.9603345411429394,-0.7106196919523333,-0.6423624404114167,-0.47163984357539396,0.4429007270682269,0.3180331544343298,0.9993965595116461,0.7143643442112138,0.363620199555787,0.25857838857685783,-0.7052795668005277,-0.4932052067432644,-0.9338348032394008,-0.6478137923293146,-0.05055497226506874,-0.03442640210381104,0.8928318250182719,0.6083145433933537,0.7739632471658785,0.5210829028896022,-0.26510756570057126,-0.179425375024247,-0.9888894939624245,-0.6553001881923669,-0.5376661335964125,-0.3497957533824978,0.5524822933147798,0.3621204658139516,0.9864261578630106,0.6336927597208599,0.24827724736422946,0.1536957387339003,-0.7847731423407884,-0.49713854828293746,-0.8852761400121502,-0.5493580378937392,0.5990851548163282,0.37055351700578437,0.9750418332522804,0.5894185441850125,0.19213408340794338,0.11116389333885864,-0.8192994467048764,-0.48628478150322557,-0.856470717164931,-0.49864609520497444,0.12512785476349556,0.0744208716744526,0.9578644590928312,0.5460557857308639,0.45549898478303197,0.2594894861092335,-0.632237072683158,-0.35921461453191783,-0.9636122256459768,-0.5391241068120044,-0.14223351646062354,-0.07877034661384721,0.8494511782996099,0.46341121515735284,0.8245665928611247,0.44577806805336107,-0.18782970160010365,-0.09779788934514717,-0.975143678966298,-0.5129728262535729,-0.3658200508445263,-0.19114537128771744,0.7083372940163386,0.3535752123808955,0.9298732102609597,0.46611631135911996,0.03145268279748493,0.021773768691177475,-0.9046764943630553,-0.4390482263393348,-0.7514215998371365,-0.3677864022282461,0.7787048670956388,0.36641893067597797,0.885610994493005,0.42109624674184337,-0.07358404682710575,-0.027210406505721575,-0.9442088241295721,-0.4348436913576463,-0.678334369130405,-0.3164052056310995,0.40405348301968946,0.1775478590097094,1.0,0.45089293744917114,0.3930613458565139,0.18142070882438935,-0.6869193781985369,-0.3001182985008994,-0.9404273422639239,-0.4150284414404368,-0.06322082013227288,-0.03257808569235228,0.8900839899889288,0.382248088793471,0.7732309895299223,0.3335613590387285,-0.2731418629566523,-0.11242213848079868,-0.9814404456796788,-0.4214788775898012,-0.21207614673799702,-0.09371387527843829,0.8133939924794263,0.34073531107656135,0.8564988846812713,0.35886319190757104,-0.13479259147076364,-0.05361645843684055,-0.9631643692874935,-0.3940939009733468,-0.6287844389509829,-0.2559300070821258,0.9879061503953301,0.38470997495563186,0.532325051610437,0.2038971379820311,-0.5690995513699326,-0.21750900606727397,-0.9799068245378885,-0.3673849853727505,-0.20206825617877017,-0.07273996699253502,0.8211464974861724,0.30142206303391783,0.8478578794513796,0.30401630065208074,-0.1540830686857745,-0.057604057535986755,-0.9694816528407552,-0.33982139240327763,-0.6079835562464135,-0.20670196847070096,0.491143648713821,0.1694357265825784,0.9944609811084086,0.33101565800632404,0.29007783944478294,0.09146102599585332,-0.7661879415546674,-0.24914602473894648,-0.8920485102032364,-0.2802944341999612,0.06582225935586947,0.024490599980384935,0.9979426360921714,0.31909359825620515,0.3297257009220157,0.0998924995227348,-0.9475163712579903,-0.27910652549138676,-0.6616007058883588,-0.1866660886628322,0.43607921851803816,0.1269525435013991,0.998624557720838,0.27505851166788187,-0.24268508206900546,-0.06973900132887502,-0.9886252638742743,-0.25912488084272206,-0.5211371427221227,-0.12852357858711874,0.5863725187898531,0.15106319561737683,0.9739666166804596,0.23637009036655934,0.16639168003671045,0.033702614364914604,-0.8451707923754508,-0.1997515216398139,-0.819791875541844,-0.18205968278359652,0.21152760866387227,0.05296341408363532,0.9834305274255511,0.2120101801723923,0.5490953906751921,0.1087464035447352,-0.8679608294653851,-0.15937485608665092,-0.792943319351146,-0.13302100069700584,0.2581489786571934,0.04747110842487554,0.9911101626403267,0.154177051142764,0.503994708656591,0.06956323607045801,-0.6036509311361999,-0.08470033502844163,-0.9683745354644158,-0.11999064471086268,-0.1405410308725402,-0.013585678798181131,0.8604386563645948,0.08790575660869732,0.8011263819912217,0.07010499715304047,-0.7429825581727487,-0.05024263658313747,-0.5843964149367592,0.0014998613154059762,0.5315022754651904,-0.008659526098462164,0.9854879352603483,-0.0400030142457329,0.2096787523830455,-0.019952657908909065,-0.8285080663018756,0.06113322676863488,-0.829900857317298,0.09519640638331259,0.9902301424349722,0.061902111072803634,0.23779048516658502,0.011541072086840983,-0.814144482332159,-0.0264642518711031,-0.840752368218267,-0.013739204180397776,0.1927868740258842,0.0008407562606792126,0.9835164544361626,-0.01741482833514326,0.5318409475180533,-0.02289067390251795,-0.5929328368044822,0.027583821019169827,-0.9667492551819691,0.07553365941859656,-0.11448048928671971,0.02561316122605307,0.9954745213562227,-0.20118541964842657,0.26102841874026683,-0.12293668899856429,-0.8101414685686879,0.14568666253972143,-0.8348172686380433,0.2752694973828104,0.738374883804019,-0.12453380635780631,0.8902872059279522,-0.3495388256228565,-0.11711718820396262,-0.14861673325919356,-0.9724630282461234,0.28088859246419173,-0.5558954574495348,0.40678486974539113,0.5896240292676275,0.020529340080017895,0.9609299950326939,-0.4440030742236735,-0.5992518142788277,-0.24577820984311496,-0.9545492495134111,0.46472733459115323,-0.0343720740136761,0.6579625121655792,0.9319659191238728,0.041776837296720444,0.6508219546796222,-0.6835693544407104,-0.5021031575311955,-0.618423476074939,-0.7992826592180914,0.6032979026485767,0.3051506384721857,0.5994648714927989,1.0,-0.16036615009064686,0.3506410508330702,-0.785251188668762,-0.7700785025246512,-0.47825679978337055,-0.8550691237653972,0.45391972121688423,0.7746137379630542,0.8292850576409113,0.7036617062234883,-0.18377348287391762,-0.6662978872450044,-0.9366586479841427,-0.6448499514136574,-0.04913857070199391,0.19930054145183312,0.8987047570770007,0.7026663563745859,0.7578383325852457,0.2596624481864153,-0.3027191160440016,-0.46203933526670227,-0.9958543580057825,-0.3987549189270358,0.29635951663855437,0.4482806271340561,0.9954443430769804,0.6346415495359666,0.47951568394541966,0.3738153229499568,-0.08600850812064947
89,-0.6910986439663614,-0.809878581830806,-0.7936629263064086,-0.868565902580738,0.07036837573287161,0.09497046403504476,0.9190839034966176,0.9466685420902938,0.6035395058042842,0.5966451789695731,-0.47483367592369224,-0.4794613519367552,-0.9970622049253154,-0.9433128807863765,-0.3335489211940593,-0.2953748749829513,0.7273085003350062,0.6555557259315539,0.9220019400353484,0.7986247436838352,0.01797075378647308,0.01037076771791835,-0.9074080817344409,-0.7530687489588029,-0.6506179472441541,-0.517865362304291,0.8566092952235813,0.6631525731185697,0.8168281837073877,0.6237697027267226,-0.20000770417491076,-0.14797790188016974,-0.9774482531414385,-0.7234621992453348,-0.5872840217432532,-0.43146680238447077,0.5043644387792464,0.3625268841048531,0.9939241594443423,0.7105888550423688,0.2977477283930251,0.2120229714722496,-0.7530340997733236,-0.5266948744376124,-0.9065792333101697,-0.6289319700266013,0.019244021139934193,0.013534930114592782,0.9221088717587124,0.6281847950623397,0.727897624777561,0.489919158398614,-0.3317429345568818,-0.2239188811836249,-0.9968730797006974,-0.6603863514404316,-0.47751280498043197,-0.31021635320555385,0.6092829550495911,0.3988607559642073,0.9724081425969802,0.624388017042068,0.1800985819317017,0.11023041416658004,-0.8261431073107123,-0.5229342843831949,-0.8506764598145914,-0.527520719765109,0.6534980699301589,0.40368804430961486,0.9571442481265916,0.5782970808304208,0.12319671395812455,0.06987407216577166,-0.8573182667705026,-0.5085595325283844,-0.8183593465946046,-0.4762227483268733,0.19404636150472923,0.11414458132473279,0.97558508429056,0.5560411426487294,0.39227544081985244,0.22316907128218055,-0.6847624608088685,-0.3889136827962235,-0.9426092374582802,-0.5273303765311753,-0.07280392788530247,-0.040389588524125414,0.8841906259225212,0.48243606973808556,0.7830491046063708,0.4234711939909511,-0.25589444204068784,-0.13411612573010892,-0.9882572866360467,-0.520091046436827,-0.30000422034198615,-0.15767438900185493,0.75586350376773,0.3778266190191619,0.9018680340994563,0.45251675541853903,-0.03834631060751711,-0.012679751529508041,-0.9322348120448968,-0.4529309615753011,-0.7035369436367379,-0.3449857295517911,0.8205940851419592,0.38676703699097836,0.8510544291191997,0.40523118921623497,-0.143006015473201,-0.05970592608897058,-0.9649013480824153,-0.44489992733514366,-0.6254208974315236,-0.29244330815546343,0.46691639046167077,0.20634569723801993,0.997147334272321,0.45006321489034057,0.3279469104631107,0.1524739249211569,-0.7359679444566963,-0.3221454671499424,-0.914419201933384,-0.4039573182855982,0.006578173272728262,-0.002186068914310479,0.9197282266160571,0.39533822622733317,0.7271062764558385,0.31403326953256516,-0.33961792622419,-0.14070010456119209,-0.9656271602872737,-0.41498466055165417,-0.1433560470540956,-0.06455901976919512,0.8519941897442271,0.3571773294980545,0.8183905899401779,0.34311291398357197,-0.20361669644101107,-0.08210312018014024,-0.979582776426622,-0.4009299258513697,-0.5729990981944517,-0.23334920979946105,0.9963802073047653,0.3879629073688358,0.47193342856050036,0.1806233982675271,-0.6250778701130428,-0.23872390814069572,-0.9635939736266995,-0.36113919743081546,-0.13322887739585182,-0.04721746623321699,0.8589834800217847,0.3151037137932247,0.8088060064348742,0.2897912302137857,-0.2226450960715622,-0.08190757828716068,-0.9843478675045014,-0.34480632944269407,-0.5511152428974656,-0.18698733632313186,0.550714805784577,0.18949326617024873,0.9844114225041503,0.32741693334845234,0.22259961477496584,0.06928632294700594,-0.8091482138679088,-0.2627651390522425,-0.858320819373834,-0.26938713424284194,0.1353005733297192,0.04603242746623468,0.9910233959741446,0.31660943448495066,0.2630495248362555,0.07884781873199434,-0.9675669324420155,-0.2846887017385285,-0.6076769717122078,-0.17097429303675366,0.49779163189326436,0.14417122061358506,0.9923839169778496,0.27300243382047557,-0.30976504823642015,-0.08755490715659248,-0.9967406420451497,-0.26088047044811413,-0.46030807606551827,-0.11279120798151021,0.6414960452648011,0.1645915402796591,0.9557187878668939,0.23152301414395907,0.09720038755453186,0.01716136793200095,-0.8803985020939052,-0.20756593744099253,-0.7778275902512223,-0.17220014821134072,0.27922537119695223,0.06778033578235329,0.9938043840249635,0.21378214861170172,0.4894519827743896,0.09609858197274743,-0.9005613573978747,-0.16487167914121606,-0.7484666643177396,-0.1250521401510304,0.32492232371361535,0.05829917694596092,0.9979861253629403,0.15490255652767695,0.4425170071085945,0.06047775155191423,-0.6578038906703835,-0.09186897068721014,-0.9485184723725241,-0.1173102826235713,-0.07109474762164797,-0.005699719466634188,0.893924766283899,0.09119125082277661,0.7574154619505727,0.06619083268009726,-0.7879217751153319,-0.05325984617794457,-0.5263279758562323,0.0014687412406450945,0.589341181330717,-0.009914041450858389,0.9710065251411835,-0.03973313354683019,0.14092279656782677,-0.015896971773459466,-0.8656203207985893,0.06483933661621469,-0.7888881179980846,0.09189752749059925,0.9780909423531494,0.061136157012987816,0.16945497665079173,0.008266095784983721,-0.8526707957479062,-0.027728206120062295,-0.8009245894064415,-0.013072025527143564,0.2607785660785363,0.0007957284189507224,0.9938619023322599,-0.017754400123578724,0.47142772597721677,-0.02082705003476089,-0.6476960383280933,0.030922030929614975,-0.9465017696890322,0.0746893281205837,-0.044900245363772205,0.019029940581270544,0.9860991909091468,-0.20310545284260126,0.19304046355711563,-0.10913738011953658,-0.8490618686780601,0.1599327110440202,-0.794341390342729,0.2705010799919499,0.7836581599058402,-0.14494537239808902,0.8563327350261675,-0.34876584920960507,-0.18611394033696654,-0.12404383670343806,-0.9864628975285841,0.30066245432713595,-0.496555437152051,0.3951026263319598,0.6445756199984438,-0.01185672310473084,0.9392810350959108,-0.45788183929483117,-0.6536552405228284,-0.20403873249455745,-0.9313635904862673,0.4972905521031511,0.035426919391326826,0.6393411499366467,0.95503467201335,-0.009443233058166446,0.5962474742956309,-0.7061235582153779,-0.561206235420069,-0.5815332367530318,-0.7553992117135291,0.6272492658122124,0.37083728769366636,0.5681963681240348,0.9992516309921885,-0.21239614503353582,0.2844343991025033,-0.794421790599373,-0.8127058654573927,-0.42938416305443267,-0.8168047023580937,0.5045375944839247,0.8084814768296119,0.7882091025569153,0.6643113195056393,-0.2518979953404859,-0.6986205089804837,-0.9099374014018949,-0.6121127407479691,0.020660422703009017,0.2488554594432872,0.9271970109772087,0.7041369487063227,0.7104714847624551,0.21637091031925823,-0.36846679940111987,-0.4902911356612827,-1.0,-0.3532633562916622,0.36226683358498235,0.48591551808582806,1.0,0.6171695207059639,0.4171117458154888,0.3353844890216525,-0.1553091189703361
90,-0.7257793900779287,-0.8488248624820528,-0.7615620758844012,-0.831814664070736,0.13563891190167573,0.16418353763095309,0.9400948908075576,0.9668836586801375,0.5475927966461641,0.5391865468342685,-0.5351014297897413,-0.5378527394240882,-0.989266823012577,-0.9349419757940263,-0.26695008618777927,-0.23395270059804762,0.7734181131714691,0.6962312205631677,0.8927084001827328,0.7727260370311831,-0.05182823961852807,-0.04879825749953521,-0.934531772302038,-0.7753450674108525,-0.5960311503067476,-0.47438661312206337,0.8905322190022964,0.6895121045632012,0.7745865691764551,0.5916705438302013,-0.267892990809998,-0.19899596251394028,-0.989799935503387,-0.7327800714257787,-0.5293444143547402,-0.38919169830321954,0.5633709376430696,0.4052544192370927,0.9836094607811329,0.7033514483998994,0.23042466022702945,0.16443459976310323,-0.7971199263067456,-0.557618537646883,-0.8749069004852773,-0.6069860543859368,0.0889492596083456,0.061430321514004724,0.946893496766005,0.6449945935546971,0.6782857583293406,0.45636857701440925,-0.39676208518271283,-0.26732147706212234,-1.0,-0.6622551787660825,-0.4150330819780045,-0.26912561013863,0.6631152514723079,0.4336578366047475,0.9536526526063419,0.6120413187075113,0.11104249431144884,0.06622805810176269,-0.8634881861054321,-0.5461823372151072,-0.8119323694145136,-0.5031133737159798,0.7047272081366874,0.43485584404015,0.934583552435834,0.5643582122282427,0.053659142501592136,0.028243831536810204,-0.8911603184177527,-0.5283566326312893,-0.7762610115488623,-0.45147929208866616,0.26201949387818396,0.15331219004857208,0.9885527570230956,0.5633175230126708,0.3271407703403881,0.18576139917271742,-0.7339517550575988,-0.4167180026914119,-0.9170139518164365,-0.5129675456629509,-0.003019645891551213,-0.001812056419065221,0.9146223856944696,0.4991105442813585,0.7377166798257955,0.39910121083859285,-0.3227124904820674,-0.16978096183181757,-0.9965562041445798,-0.5246754353212103,-0.23272679943425692,-0.12343523294215122,0.7997072225078975,0.40023729234856603,0.8694690475312782,0.4367125833323842,-0.10795848464179698,-0.04707149727530684,-0.9552513754303714,-0.46460706269493374,-0.6522247261662285,-0.3205043210788041,0.8584854512912959,0.4052308531794454,0.8123516121144178,0.387391886070462,-0.21173127318682525,-0.09191056440193202,-0.9808929696589448,-0.452788655587848,-0.5694604379874445,-0.26705665627879366,0.5275045281835944,0.23413823997118385,0.989436666964967,0.4470408295887603,0.2612347506870376,0.12278430338233393,-0.781430948868703,-0.3426031754649806,-0.8839561031681219,-0.3909181556817193,0.07634511847878211,0.028216598171738962,0.9448916397738707,0.40650231556227445,0.6774391746913291,0.2929752415037525,-0.40443940509343634,-0.16829259387528767,-0.9451094364344514,-0.4064686799614118,-0.07393753111904611,-0.03508963920508643,0.8864435569587504,0.37187921587357275,0.7762951785092304,0.3256910244322343,-0.27144880133367744,-0.11018978377490048,-0.9912287547463169,-0.40581266043198017,-0.5144221634291835,-0.2096315586228316,1.0,0.38932572349523387,0.40924259328519946,0.1564696795128642,-0.6780108723055716,-0.2587757713300998,-0.9425865897361289,-0.35313397562058274,-0.06374042091438083,-0.021464926724693825,0.8926355813874484,0.32725021093304546,0.7658137118559125,0.27415432603160134,-0.29012241892949775,-0.10581205355024115,-0.9944184383040678,-0.348111404704877,-0.4915619514830304,-0.16636172066889726,0.6076029356792109,0.20862761361293458,0.9695659104021421,0.322223066303142,0.15403690715760007,0.04677406389739756,-0.8481663974184809,-0.27510408802113545,-0.8204114757905503,-0.2571674072463919,0.20411971651067437,0.0673499895926329,0.9792759894882551,0.3125827813743545,0.19509179790713713,0.05741899929414612,-0.9829036047906717,-0.2888839032476084,-0.5507926964133489,-0.15444952784127547,0.5570788544757448,0.16068751003098156,0.9813084815454274,0.2696163155576045,-0.3753358702263024,-0.10494425427763195,-1.0,-0.2613650766250962,-0.3972364347323269,-0.09650932994834795,0.6934942674901745,0.17731801150238236,0.9328147931873574,0.2255479810690615,0.02753554455473813,0.0005365130395776847,-0.9113369988075055,-0.21436911285941349,-0.7320738071278539,-0.16150167182649788,0.34556277578919853,0.08226703849839555,0.9993365255622733,0.21451259191228134,0.4274240140130514,0.0829825777691841,-0.9287744409212321,-0.16956526394784832,-0.7003435549313819,-0.11647403814843629,0.3901126798699841,0.06884321773717861,1.0,0.15487339222793758,0.37888340718361896,0.05109762550701208,-0.7087520957714369,-0.0985900299554272,-0.9240413226279776,-0.1140583966313263,-0.0013020979067621297,0.002214008325220399,0.9230557645988714,0.09403247042935983,0.7100144899144366,0.06195419312381585,-0.8290223163711721,-0.056017579155833656,-0.46569531978363654,0.0014304656061971432,0.6443088762011684,-0.011120256589861932,0.9517944688367653,-0.039269677015247945,0.0714802790532413,-0.011763837189487692,-0.8985153601042228,0.06822955573342762,-0.7440319950667396,0.08815093308145877,0.9611865815175398,0.06007235374158972,0.1002939005223105,0.004950847895367061,-0.8870429827569373,-0.028857071336034042,-0.757194786503685,-0.012341161279516502,0.32749977117062523,0.000746823868351444,0.9993653549428437,-0.01800747425927818,0.40871775594316856,-0.018661958872762223,-0.6993037298591467,0.034109591813642724,-0.921643022716196,0.07348111792371238,0.024898748041230722,0.012354007978859001,0.9719196843263056,-0.20403597668661558,0.12411203463987368,-0.09480636489501792,-0.8838457247106344,0.1733995834564928,-0.7499955606405831,0.26441480853004223,0.8251235322256429,-0.16465077915390613,0.8182062971176008,-0.34629372063682495,-0.25420396406075574,-0.09886661104410688,-0.9956568187331895,0.3189715189350832,-0.4347962486783388,0.38149548263861605,0.6963869031011439,-0.04418502152634778,0.9130559923723396,-0.46952985007106607,-0.704874124140197,-0.16130519895118592,-0.9036404216666145,0.5274310200327749,0.10505331640615494,0.6176049818915711,0.9734505919805272,-0.06061729693082311,0.5387681361514575,-0.7252375989937111,-0.6175751729422281,-0.5418098259571814,-0.7078355351819631,0.6481447336036863,0.4347172549259374,0.5341596691646697,0.9936350084826058,-0.26339136730780593,0.21684201157075317,-0.7997220494211832,-0.8513738071065328,-0.37841960984464,-0.7745608905458218,0.5526974113065825,0.8384103752093293,0.7432930719557642,0.621724474815499,-0.3187952860944532,-0.7275395218212987,-0.8787830312666032,-0.5763933783387141,0.09035876060538132,0.29719797865119696,0.9511720542414537,0.7021770566035607,0.6596432912822456,0.17202523512655354,-0.4324193495497073,-0.5161542869268141,-0.9992737425138664,-0.30605073009434297,0.42640922293312067,0.5211830774775429,0.999683757442668,0.5966907040087449,0.352675681187871,0.2953196955755658,-0.22385307940401555
